I
1050 Generated by WorldEditor 1.7.1r2

1    418 1 0 KSYR Syracuse Hancock Intl
1302 city Syracuse
1302 country United States
1302 datum_lat 43.111194444
1302 datum_lon -76.106305556
1302 faa_code SYR
1302 iata_code SYR
1302 icao_code KSYR
1302 region_code K6
1302 state New York
1302 transition_alt 18000
1302 transition_level 18000
100 45.72 1 1 0.25 1 3 1 10  43.10820000 -076.12615300    0  305 3 8 0 0 28  43.10930680 -076.09247600    0    0 3 2 1 0
100 45.72 1 1 0.25 1 3 1 15  43.12122740 -076.11283400    0    0 2 10 0 0 33  43.10698000 -076.09257670    0    0 2 0 0 0
110 1 0.00 139.0000 RoadToRON
111  43.11095149 -076.13043876
112  43.11093807 -076.13010200  43.11091065 -076.12996829
111  43.11088055 -076.12986742
111  43.11036616 -076.12865028
112  43.11029478 -076.12839843  43.11026947 -076.12825810
111  43.11026761 -076.12810447
111  43.11031821 -076.12673718
111  43.11038281 -076.12673964
111  43.11034050 -076.12810424
112  43.11037029 -076.12835736  43.11039493 -076.12847938
111  43.11037029 -076.12835736
112  43.11037029 -076.12835736  43.11039303 -076.12848197
111  43.11042930 -076.12859463
111  43.11088198 -076.12967571
112  43.11098542 -076.12997903  43.11100735 -076.13010799
113  43.11102279 -076.13032849
110 2 0.00 87.0000 TRMPad_B
111  43.11425093 -076.11137574
111  43.11433739 -076.10880335
111  43.11564720 -076.10888508
113  43.11556198 -076.11142404
110 1 0.00 87.0000 TRM_Movement_Pad
111  43.11369109 -076.10853187
111  43.11370412 -076.10807446
112  43.11386602 -076.10795607  43.11390307 -076.10787433
112  43.11388430 -076.10768596  43.11386669 -076.10760155
111  43.11373612 -076.10751910
111  43.11434101 -076.10755632
112  43.11416925 -076.10784120  43.11416065 -076.10804517
111  43.11430130 -076.10809963
111  43.11488114 -076.10816307
111  43.11553915 -076.10819208
111  43.11582419 -076.10858063
111  43.11601949 -076.10859695
112  43.11609871 -076.10845775  43.11610921 -076.10836389
111  43.11608841 -076.10826405
111  43.11597169 -076.10794662
111  43.11678309 -076.10911037
111  43.11758452 -076.11027974
112  43.11715929 -076.10995038  43.11709248 -076.11000910
112  43.11708585 -076.11011119  43.11707706 -076.11015387
111  43.11705275 -076.11023432
112  43.11672296 -076.11100362  43.11665898 -076.11108080
111  43.11658879 -076.11110416
111  43.11655617 -076.11177526
111  43.11528312 -076.11171795
111  43.11527602 -076.11214801
113  43.11356624 -076.11205750
111  43.11556198 -076.11142404
111  43.11564720 -076.10888508
111  43.11433739 -076.10880335
113  43.11425093 -076.11137574
110 1 0.00 0.0000 TWay_A
111  43.10843867 -076.12503214
111  43.10875274 -076.12589977
112  43.10910777 -076.12610085  43.10932460 -076.12602835
111  43.10934940 -076.12535541
111  43.10954791 -076.11995293
111  43.10954726 -076.11885298
112  43.10940439 -076.11845391  43.10926729 -076.11832983
111  43.10916061 -076.11833938
112  43.10887319 -076.11843256  43.10868062 -076.11854015
111  43.10865069 -076.11879975
111  43.10868598 -076.11735685
112  43.10887341 -076.11785473  43.10901988 -076.11803460
111  43.10918011 -076.11799833
112  43.10946432 -076.11789044  43.10956321 -076.11777966
111  43.10959517 -076.11749990
111  43.10978427 -076.11241105
112  43.10968036 -076.11217937  43.10956714 -076.11202835
111  43.10929074 -076.11240720
112  43.10906414 -076.11280428  43.10892909 -076.11310515 3
111  43.10882020 -076.11356868
111  43.10909061 -076.10541746 3
112  43.10925464 -076.10611626  43.10933872 -076.10629248
111  43.10954730 -076.10665556
112  43.10982371 -076.10684345  43.10997204 -076.10679722
111  43.10998154 -076.10662211
111  43.11000029 -076.10615008
111  43.11012532 -076.10212512
111  43.11017129 -076.10068949
111  43.11020476 -076.09982727
111  43.11022058 -076.09923713
111  43.11031444 -076.09645087
111  43.11037847 -076.09339268
112  43.11024951 -076.09301612  43.11015715 -076.09287939
112  43.10981681 -076.09285229  43.10963314 -076.09289169
111  43.10955959 -076.09321131
111  43.10958196 -076.09247362
111  43.10987333 -076.09249785
111  43.11032406 -076.09255522
112  43.11059388 -076.09299706  43.11063778 -076.09325767
112  43.11059922 -076.09410769  43.11058176 -076.09448241
111  43.11052247 -076.09643585
111  43.11043277 -076.09909571
111  43.11043609 -076.09934138
112  43.11046570 -076.09955322  43.11050037 -076.09968258
111  43.11053356 -076.09973361
111  43.11125595 -076.10088401
111  43.11106806 -076.10112386
112  43.11062108 -076.10088540  43.11043959 -076.10099566
111  43.11041534 -076.10140649
111  43.11032989 -076.10215009
111  43.11020160 -076.10616853
112  43.11028556 -076.10680425  43.11039750 -076.10701076
111  43.11075138 -076.10704233
111  43.11214735 -076.10714193
111  43.11299983 -076.10718937
111  43.11370851 -076.10712516
111  43.11373492 -076.10711089
111  43.11373579 -076.10752229
111  43.11370085 -076.10751064
112  43.11236900 -076.10744485  43.11214862 -076.10744485
111  43.11214290 -076.10769791
112  43.11225346 -076.10794225  43.11235593 -076.10801588
111  43.11258578 -076.10801275
111  43.11310265 -076.10804641
111  43.11370378 -076.10807765
111  43.11369109 -076.10853187
111  43.11232727 -076.10844412
111  43.11179863 -076.10841874
111  43.11155690 -076.10838280
111  43.11091046 -076.10831694
111  43.11063265 -076.10832425
112  43.11027148 -076.10844681  43.11016725 -076.10854368
111  43.11009931 -076.10913079
111  43.11005484 -076.11095031
111  43.10997354 -076.11334238
111  43.10989872 -076.11526029
111  43.10980681 -076.11826023
111  43.10972997 -076.12032747
112  43.10987801 -076.12147496  43.11005453 -076.12152072
112  43.11031935 -076.12154011  43.11040196 -076.12154525
111  43.11051003 -076.12132907
111  43.11020980 -076.12228754
112  43.11012681 -076.12210739  43.11006277 -076.12203888
111  43.11001728 -076.12204927
111  43.11001509 -076.12194589
112  43.10987649 -076.12197484  43.10973789 -076.12200379
111  43.10971861 -076.12223328
112  43.10964873 -076.12303055  43.10962553 -076.12340815
111  43.10963732 -076.12361667
112  43.10969096 -076.12443089  43.10971198 -076.12448847
112  43.10982208 -076.12462901  43.10990457 -076.12464160
111  43.10991078 -076.12463299
111  43.10991081 -076.12455382
112  43.11005817 -076.12449156  43.11011683 -076.12442283
111  43.11014764 -076.12431703
111  43.11035758 -076.12524883
112  43.11023743 -076.12508536  43.11018743 -076.12506012
111  43.10996291 -076.12505095
112  43.10968018 -076.12516872  43.10962688 -076.12531801
111  43.10955637 -076.12603027
111  43.10950365 -076.12706853
111  43.10923945 -076.12706601
111  43.10924389 -076.12685177
111  43.10917458 -076.12667883
111  43.10904364 -076.12654467
112  43.10871608 -076.12640587  43.10862331 -076.12628899
112  43.10858529 -076.12624232  43.10851808 -076.12614406
113  43.10840685 -076.12617633
111  43.10888525 -076.11169888 3
112  43.10903858 -076.11197118  43.10917593 -076.11207978 3
111  43.10928694 -076.11194812 1 102
111  43.10960285 -076.11156535 1 102
112  43.10967066 -076.11138421  43.10967575 -076.11127165 1 102
111  43.10961085 -076.11117686 1 102
111  43.10942830 -076.11088795 1 102
112  43.10930293 -076.11073941  43.10925263 -076.11070946
111  43.10930293 -076.11073941
112  43.10930293 -076.11073941  43.10925263 -076.11070946 1 102
112  43.10915809 -076.11070403  43.10910962 -076.11071262 3
112  43.10899889 -076.11080435  43.10893902 -076.11086487
111  43.10899889 -076.11080435
112  43.10899889 -076.11080435  43.10890586 -076.11090962 3
113  43.10890739 -076.11108888
111  43.10925057 -076.11012748 102
111  43.10943896 -076.11041391 102
111  43.10954275 -076.11055096 3 102
112  43.10975054 -076.11056658  43.10982561 -076.11054266 3 102
111  43.10985400 -076.11031666 102
111  43.10987801 -076.10962076 102
111  43.10989600 -076.10868641 1 102
112  43.10975985 -076.10843203  43.10962609 -076.10840414 1 102
111  43.10958562 -076.10848423 102
111  43.10935303 -076.10875169 102
112  43.10913535 -076.10914385  43.10909780 -076.10928787 102
114  43.10909233 -076.10970135  43.10909608 -076.10985051 102
112  43.10914483 -076.10820306  43.10926622 -076.10827677 3
112  43.10933438 -076.10825102  43.10937012 -076.10824391
111  43.10941004 -076.10821770
111  43.10969569 -076.10787362
112  43.10979091 -076.10763326  43.10978715 -076.10748410
111  43.10967434 -076.10734828
111  43.10951906 -076.10714775
112  43.10927230 -076.10696570  43.10915271 -076.10698726 3
111  43.10903121 -076.10724684
113  43.10901789 -076.10790915 3
112  43.11190710 -076.10776836  43.11190450 -076.10739984 102
111  43.11162260 -076.10739108 102
111  43.11121734 -076.10736363 102
112  43.11083344 -076.10734686  43.11072458 -076.10736575 102
111  43.11050427 -076.10745413 102
112  43.11031497 -076.10769534  43.11032271 -076.10785478 102
111  43.11056528 -076.10794753 102
111  43.11083855 -076.10804865 102
113  43.11161176 -076.10809378 102
110 1 0.00 0.0000 TWay_Wne_M
111  43.12108124 -076.11303452 20
111  43.12089433 -076.11328666 20
111  43.12103810 -076.11413259 20
111  43.12073802 -076.11452890
112  43.12045536 -076.11480871  43.12031037 -076.11486537
112  43.12004042 -076.11479001  43.11993807 -076.11472119
111  43.11985541 -076.11458535
111  43.11957426 -076.11418037
111  43.11966190 -076.11404890
112  43.11975952 -076.11367708  43.11975550 -076.11345089
111  43.11966371 -076.11326221
111  43.11887021 -076.11209964
111  43.11757666 -076.11027109
111  43.11614196 -076.10819362
112  43.11575397 -076.10771956  43.11564952 -076.10763670
111  43.11545966 -076.10763410
111  43.11442622 -076.10756485
111  43.11373579 -076.10752229
111  43.11373492 -076.10711089
112  43.11386061 -076.10696348  43.11388688 -076.10686661
111  43.11396401 -076.10616400
111  43.11396066 -076.10573273
112  43.11390956 -076.10523506  43.11385741 -076.10508203
111  43.11372526 -076.10488719
111  43.11351254 -076.10450659
111  43.11144496 -076.10156161
111  43.11106806 -076.10112386
111  43.11125595 -076.10088401
111  43.11158920 -076.10135336
111  43.11342872 -076.10396226
111  43.11363891 -076.10427221
112  43.11378223 -076.10445586  43.11382823 -076.10448736
112  43.11395274 -076.10444352  43.11399545 -076.10438501
111  43.11398772 -076.10425157
112  43.11396838 -076.10384342  43.11395904 -076.10371254
111  43.11393421 -076.10354015
112  43.11385091 -076.10313576  43.11376306 -076.10276688 3
111  43.11351695 -076.10228463
111  43.11470749 -076.10396227 3
112  43.11441442 -076.10397159  43.11431380 -076.10412346
111  43.11431007 -076.10429865
111  43.11430063 -076.10439086
111  43.11428611 -076.10451488
112  43.11427364 -076.10493881  43.11428448 -076.10506887
111  43.11438107 -076.10518420
112  43.11450325 -076.10530651  43.11455285 -076.10532252
112  43.11470402 -076.10528454  43.11475181 -076.10524362
111  43.11488562 -076.10507499
111  43.11503419 -076.10483568 3
112  43.11508763 -076.10463282  43.11508964 -076.10451039 3
111  43.11504605 -076.10443775
111  43.11557092 -076.10518618 3
112  43.11542673 -076.10512862  43.11534180 -076.10512330 3
111  43.11528893 -076.10518541
111  43.11505703 -076.10547082
112  43.11491287 -076.10578892  43.11490936 -076.10593856
111  43.11504795 -076.10615291
111  43.11533461 -076.10665485
111  43.11560730 -076.10698017
112  43.11586761 -076.10724713  43.11594791 -076.10727808
111  43.11652080 -076.10739388
112  43.11669802 -076.10740874  43.11675638 -076.10739148
111  43.11679435 -076.10734094 3
112  43.11685547 -076.10718633  43.11687072 -076.10707765 3
111  43.11682592 -076.10697954
111  43.11745562 -076.10787425 3
112  43.11708347 -076.10772829  43.11684465 -076.10772130
111  43.11659236 -076.10769692
112  43.11625164 -076.10782847  43.11623999 -076.10799733
111  43.11642193 -076.10822689
111  43.11680992 -076.10878548
111  43.11991241 -076.11319788
112  43.12025345 -076.11355468  43.12039886 -076.11358672
111  43.12054261 -076.11337888
111  43.12075752 -076.11308568
112  43.12082660 -076.11283518  43.12083022 -076.11268743 3
113  43.12078217 -076.11259254
111  43.11427321 -076.10704823 102
112  43.11438398 -076.10714584  43.11445828 -076.10716715 102
111  43.11453924 -076.10717772 102
111  43.11483165 -076.10719966 102
112  43.11499930 -076.10694303  43.11503641 -076.10678807 102
111  43.11494739 -076.10667474 102
112  43.11463582 -076.10627386  43.11456367 -076.10624750 102
111  43.11443772 -076.10631127 102
114  43.11423709 -076.10665131  43.11419930 -076.10686806 102
110 1 0.00 0.0000 TWay_Wc
111  43.11017114 -076.10069489 20 102
112  43.11014471 -076.09981100  43.11011823 -076.09968237 20 102
111  43.10981880 -076.09926942 20 102
111  43.10955768 -076.09887203 20 102
111  43.10948195 -076.09876504 3
112  43.10938545 -076.09874149  43.10933019 -076.09875863 3
111  43.10930705 -076.09883958
111  43.10934017 -076.09770456 3 102
112  43.10940184 -076.09824166  43.10946117 -076.09837035 20 102
111  43.10964603 -076.09859984 20 102
111  43.10993295 -076.09901468 20 102
111  43.11011112 -076.09925779 20 102
112  43.11018126 -076.09926986  43.11022058 -076.09923713 20 102
113  43.11022648 -076.09922579
110 1 0.00 0.0000 TWay_Y
111  43.10612438 -076.11302666 102
112  43.10617714 -076.11286081  43.10619462 -076.11275761 102
111  43.10630568 -076.10924105 102
111  43.10638139 -076.10612153 102
112  43.10627305 -076.10575266  43.10614277 -076.10554906 102
111  43.10598942 -076.10556532 102
111  43.10556547 -076.10554608 102
111  43.10525400 -076.10551335
111  43.10526967 -076.10521979 102
111  43.10602106 -076.10527862 102
112  43.10622464 -076.10520831  43.10637239 -076.10512705 102
111  43.10643630 -076.10483645 102
111  43.10648720 -076.10338936 102
112  43.10644462 -076.10298932  43.10637914 -076.10282539 102
111  43.10627047 -076.10274299 102
111  43.10590283 -076.10271209 102
111  43.10529975 -076.10264288
111  43.10530288 -076.10236647 102
111  43.10592047 -076.10242970 102
112  43.10637467 -076.10233240  43.10651407 -076.10220298 102
111  43.10653059 -076.10196831 102
111  43.10661481 -076.09959196 102
111  43.10671896 -076.09617021 102
111  43.10671734 -076.09576264 1
111  43.10696573 -076.09605828 102
112  43.10690438 -076.09683090  43.10689515 -076.09710309 102
111  43.10666067 -076.10430238 102
111  43.10670144 -076.10480495 102
112  43.10678180 -076.10515007  43.10685134 -076.10526315 102
111  43.10707942 -076.10527652 102
111  43.10754068 -076.10536931 102
111  43.10790347 -076.10537170 102
111  43.10838612 -076.10535561 3
112  43.10853513 -076.10528561  43.10865011 -076.10520151 3
111  43.10870031 -076.10493809
111  43.10865442 -076.10624661 3
112  43.10852629 -076.10593716  43.10844105 -076.10585931 3
111  43.10843477 -076.10586131 102
111  43.10805251 -076.10576037 102
111  43.10751993 -076.10566693 102
111  43.10733479 -076.10565591 102
111  43.10700477 -076.10566693 102
112  43.10677939 -076.10581025  43.10671499 -076.10590947 102
111  43.10666669 -076.10604177 102
111  43.10654967 -076.10643168 102
111  43.10643579 -076.11142008 102
113  43.10648357 -076.11243366
110 1 0.00 0.0000 TWay_ Wse
111  43.10865248 -076.09760355 102
111  43.10761691 -076.09612667 102
112  43.10712072 -076.09564691  43.10699887 -076.09569115 102
111  43.10698343 -076.09592097 102
111  43.10696573 -076.09605828
111  43.10671734 -076.09576264 102
112  43.10667591 -076.09493188  43.10660346 -076.09472241 102
111  43.10636545 -076.09436682 102
112  43.10623864 -076.09390646  43.10622588 -076.09361886 102
111  43.10639345 -076.09334549 102
111  43.10660060 -076.09306715 102
111  43.10674163 -076.09289369
111  43.10684702 -076.09274945
111  43.10721146 -076.09329226 102
112  43.10705738 -076.09321460  43.10700279 -076.09319591
111  43.10705738 -076.09321460
112  43.10705738 -076.09321460  43.10703008 -076.09320526 102
112  43.10691812 -076.09322123  43.10686292 -076.09324436 102
111  43.10680928 -076.09329777 102
111  43.10653818 -076.09362671 102
112  43.10648783 -076.09381120  43.10648331 -076.09395031
111  43.10651765 -076.09404231 102
111  43.10708757 -076.09497056 102
111  43.10795779 -076.09619262 102
111  43.10844758 -076.09688169 102
111  43.10873368 -076.09729879 102
111  43.10880482 -076.09738947 102
111  43.10890376 -076.09743800 102
111  43.10894948 -076.09729760
113  43.10892660 -076.09810846 102
110 1 0.00 0.0000 TWay_H
111  43.10682200 -076.12505940 102
112  43.10697262 -076.12528908  43.10706883 -076.12529507 102
111  43.10728853 -076.12528702 102
111  43.10767241 -076.12526892 102
112  43.10783655 -076.12521332  43.10796178 -076.12515714 3
111  43.10803808 -076.12491891
111  43.10800401 -076.12610310 3
112  43.10781651 -076.12573070  43.10763635 -076.12569750 102
111  43.10742516 -076.12568670 102
111  43.10732776 -076.12589691
113  43.10671515 -076.12585836
110 2 0.00 87.0000 TRMPad_A
111  43.11224153 -076.11106769
111  43.11232727 -076.10844412
111  43.11369109 -076.10853187
111  43.11356624 -076.11205750
111  43.11212609 -076.11202865
111  43.11182155 -076.11201095
113  43.11185569 -076.11103866
110 1 0.25 358.0000 S_DI_Pad
111  43.11005886 -076.11052712
112  43.11017299 -076.11109386  43.11026327 -076.11127575
111  43.11060551 -076.11124706
111  43.11098354 -076.11123157
112  43.11118645 -076.11115054  43.11123383 -076.11110186
111  43.11145664 -076.11084330
111  43.11175594 -076.11041381
111  43.11187988 -076.10907444
111  43.11188588 -076.10881288
112  43.11184929 -076.10856859  43.11181253 -076.10848676
111  43.11172141 -076.10840334
111  43.11232727 -076.10844412
111  43.11224153 -076.11106769
111  43.11185569 -076.11103866
111  43.11182142 -076.11201067
111  43.11212609 -076.11202865
111  43.11165336 -076.11264242
111  43.11163110 -076.11315412
111  43.11094573 -076.11310717
111  43.11094771 -076.11323427
111  43.11015136 -076.11325544
112  43.11008180 -076.11329061  43.11005331 -076.11331418
111  43.11008180 -076.11329061
112  43.11008180 -076.11329061  43.11005337 -076.11333474
111  43.11004736 -076.11337389
111  43.11001209 -076.11392118
111  43.10994781 -076.11392326
113  43.10997094 -076.11336492
110 1 0.25 87.0000 W_Cargo_Rmp
111  43.11014764 -076.12431703
112  43.11015438 -076.12385328  43.11011494 -076.12371085
111  43.11015438 -076.12385328
112  43.11015438 -076.12385328  43.11010419 -076.12371085
112  43.11000953 -076.12348258  43.10997726 -076.12338926
112  43.11002542 -076.12307209  43.11006845 -076.12294931
112  43.11019029 -076.12265161  43.11022948 -076.12249395
111  43.11020980 -076.12228754
111  43.11051003 -076.12132907
111  43.11051744 -076.12093694
111  43.11058710 -076.12094066
111  43.11163702 -076.12100322
111  43.11158311 -076.12266558
111  43.11151046 -076.12491989
111  43.11131969 -076.12504602
111  43.11124581 -076.12678098
111  43.11038803 -076.12673981
111  43.11032107 -076.12673723
113  43.11035758 -076.12524883
110 1 0.00 0.0000 So_COM_Ramp
111  43.10671463 -076.12585836 102
112  43.10646794 -076.12589403  43.10639612 -076.12595376 102
111  43.10634138 -076.12823325
111  43.10615844 -076.12795961
111  43.10638035 -076.12113501
111  43.10651951 -076.11810583
111  43.10656050 -076.11700176
111  43.10658163 -076.11632321
111  43.10660700 -076.11560201
111  43.10660355 -076.11516207
111  43.10616616 -076.11517183
111  43.10616648 -076.11506912
111  43.10538309 -076.11559793
111  43.10511514 -076.11500480
111  43.10481440 -076.11472161
111  43.10467062 -076.11428929
111  43.10497526 -076.11406115
111  43.10493143 -076.11394187
111  43.10464230 -076.11296818
111  43.10526311 -076.11252943
111  43.10538497 -076.11286089
111  43.10552657 -076.11276194
111  43.10572765 -076.11332774
111  43.10593315 -076.11317068 102
111  43.10612438 -076.11302666
111  43.10648357 -076.11243366 102
112  43.10655222 -076.11257246  43.10659447 -076.11263176 102
111  43.10671243 -076.11266665 102
111  43.10698941 -076.11272599 102
111  43.10729256 -076.11280069 102
111  43.10766899 -076.11281874 102
111  43.10816030 -076.11276203 3
112  43.10829992 -076.11269185  43.10839601 -076.11261842 3
111  43.10844940 -076.11241591
111  43.10841753 -076.11361896 3
112  43.10820212 -076.11325205  43.10806985 -076.11320227 102
111  43.10794081 -076.11321419 102
112  43.10768422 -076.11325494  43.10757534 -076.11330341 102
111  43.10753981 -076.11365531 102
111  43.10745002 -076.11432890 102
111  43.10735437 -076.11746331 102
112  43.10739321 -076.11783911  43.10744753 -076.11793640 102
111  43.10785014 -076.11794061 102
112  43.10803194 -076.11795046  43.10808485 -076.11795149 3
112  43.10820001 -076.11785152  43.10825223 -076.11778691 3
111  43.10828093 -076.11760465
111  43.10824902 -076.11856935 3 102
112  43.10813094 -076.11829425  43.10803370 -076.11819347 102
111  43.10778451 -076.11821149 102
111  43.10744066 -076.11819509 102
112  43.10733572 -076.11831575  43.10729348 -076.11842267 102
112  43.10724701 -076.12010446  43.10719924 -076.12034980 102
111  43.10705694 -076.12057571 102
112  43.10687249 -076.12111821  43.10686315 -076.12133889 102
111  43.10683684 -076.12230433 102
111  43.10678214 -076.12413464 102
113  43.10682200 -076.12505940
111  43.10707505 -076.11639512 102
111  43.10717548 -076.11642111 102
111  43.10719987 -076.11589231 102
112  43.10718217 -076.11566845  43.10714806 -076.11559742 102
111  43.10706995 -076.11558021 102
112  43.10685951 -076.11561972  43.10680471 -076.11569852
111  43.10685951 -076.11561972
112  43.10685951 -076.11561972  43.10683211 -076.11565912 102
111  43.10681988 -076.11573317 102
113  43.10681725 -076.11600621 102
112  43.10662741 -076.11485557  43.10667258 -076.11505576
111  43.10668270 -076.11537630 102
111  43.10696723 -076.11538975 102
112  43.10716460 -076.11535404  43.10722708 -076.11529833 102
111  43.10722621 -076.11510463 102
111  43.10724009 -076.11432430 102
111  43.10721212 -076.11363526 102
112  43.10711523 -076.11324273  43.10703076 -076.11315534 102
111  43.10683564 -076.11312067 102
112  43.10646832 -076.11308539  43.10638213 -076.11313262 102
111  43.10622156 -076.11327246 102
112  43.10612205 -076.11339098  43.10610502 -076.11343523 102
111  43.10611712 -076.11353002
113  43.10638970 -076.11421295
111  43.10701181 -076.12016014 106
111  43.10647410 -076.12015013
111  43.10642668 -076.12173700 102
111  43.10656140 -076.12174846 102
112  43.10663837 -076.12169394  43.10665508 -076.12164243 102
111  43.10665102 -076.12153161 102
114  43.10669161 -076.12088451  43.10675403 -076.12064365 102
111  43.10640860 -076.12237428 102
111  43.10648644 -076.12237663 102
112  43.10657931 -076.12236560  43.10659603 -076.12235140 102
111  43.10663163 -076.12232709 102
111  43.10663811 -076.12201277 102
112  43.10660172 -076.12195206  43.10656840 -076.12191673 102
111  43.10644796 -076.12192710 102
111  43.10642090 -076.12196099
113  43.10641322 -076.12217750
111  43.10639619 -076.12293843 102
111  43.10643311 -076.12295422 102
111  43.10651123 -076.12296157 102
112  43.10656815 -076.12294254  43.10659227 -076.12292907 102
111  43.10660863 -076.12291697 102
111  43.10661849 -076.12255561 102
112  43.10657697 -076.12249799  43.10656102 -076.12248828 102
111  43.10650076 -076.12248708 102
111  43.10640700 -076.12248762
113  43.10639820 -076.12258113
111  43.10636300 -076.12390673 102
111  43.10650816 -076.12391580 102
111  43.10658104 -076.12386678 102
111  43.10658753 -076.12352763 102
111  43.10659676 -076.12320853 102
112  43.10654813 -076.12317051  43.10651481 -076.12315572 102
111  43.10646105 -076.12315625 102
113  43.10638625 -076.12316149
111  43.10645855 -076.12502462 102
111  43.10653314 -076.12515569 102
111  43.10655985 -076.12428974 102
112  43.10655338 -076.12414064  43.10654504 -076.12410779 102
111  43.10651781 -076.12410631 102
111  43.10642175 -076.12409274 102
111  43.10635124 -076.12409158
114  43.10634583 -076.12476751  43.10635723 -076.12485076 102
110 2 0.00 356.0000 ANG_Ramp
111  43.10482832 -076.11194131
111  43.10437685 -076.11192392
111  43.10309760 -076.11096365
111  43.10334019 -076.10592335
111  43.10343089 -076.10342101
111  43.10291462 -076.10338147
111  43.10298182 -076.10194400
111  43.10303768 -076.10075464
111  43.10333593 -076.10078896
111  43.10370228 -076.10080764
111  43.10369572 -076.10103913
111  43.10396539 -076.10106424
111  43.10394446 -076.10168209
111  43.10399934 -076.10183009
111  43.10406429 -076.10191517
111  43.10422239 -076.10194195
111  43.10508884 -076.10204887
111  43.10530288 -076.10236647
111  43.10529975 -076.10264288
111  43.10512388 -076.10262879
111  43.10494670 -076.10293502
111  43.10412032 -076.10286419
111  43.10409357 -076.10334576
111  43.10458747 -076.10339926
111  43.10455501 -076.10414194
111  43.10392168 -076.10408190
112  43.10378873 -076.10411729  43.10376076 -076.10414433
111  43.10373601 -076.10424207
111  43.10372752 -076.10464026
111  43.10378775 -076.10485128
111  43.10390540 -076.10503457
111  43.10403096 -076.10510788
111  43.10526967 -076.10521979
111  43.10525400 -076.10551335
111  43.10509466 -076.10565667
113  43.10506950 -076.10616457
110 1 0.00 139.0000 Taxiway A RON
111  43.11060997 -076.13100894
112  43.10927830 -076.12930098  43.10914389 -076.12898120
111  43.10927830 -076.12930098
112  43.10927830 -076.12930098  43.10921581 -076.12915078
111  43.10921163 -076.12890130
111  43.10923945 -076.12706601
111  43.10950365 -076.12706853
111  43.10948213 -076.12891836
112  43.10955284 -076.12914801  43.10959646 -076.12923523
111  43.10955284 -076.12914801
112  43.10955284 -076.12914801  43.10964009 -076.12932244
113  43.11078833 -076.13073025
110 1 0.00 139.0000 RON Apron
111  43.11059235 -076.13099491
111  43.11208568 -076.12868241
111  43.11270278 -076.12936636
113  43.11123389 -076.13173487
110 1 0.00 139.0000 Taxiway L
112  43.10895964 -076.09297575  43.10886232 -076.09282669
111  43.10870253 -076.09280818
111  43.10818468 -076.09280818
112  43.10796679 -076.09291671  43.10787467 -076.09302730
111  43.10787341 -076.09332369
111  43.10729330 -076.09240508
111  43.10792326 -076.09242842
111  43.10805158 -076.09214297
111  43.10849866 -076.09217822
111  43.10861329 -076.09246234
111  43.10910252 -076.09248353
113  43.10908497 -076.09335383
110 5 1.00 139.0000 AbandonedRWY
111  43.12042317 -076.11591673
111  43.12095643 -076.11661885
111  43.11375121 -076.12761319
113  43.11377982 -076.12612810
110 1 0.00 270.0000 New Taxiway 1
111  43.11381493 -076.11635485 20
111  43.11378040 -076.11572308 20
111  43.11369103 -076.11521577 20
111  43.11368816 -076.11487890 20
111  43.11378769 -076.11455387 20
111  43.11381125 -076.11386198
111  43.11391620 -076.11386780 20
111  43.11390636 -076.11457917 20
111  43.11394657 -076.11471973 20
111  43.11393920 -076.11515705 20
111  43.11386754 -076.11560960 20
113  43.11385665 -076.11635195
110 1 0.00 139.0000 New Taxiway 14
111  43.11092309 -076.11499998
112  43.11090478 -076.11513132  43.11089765 -076.11521620
111  43.11088525 -076.11542795
111  43.11083457 -076.11632019
111  43.11082592 -076.11655755
111  43.11068850 -076.11900949
111  43.11067280 -076.11930112
111  43.11058710 -076.12094066
111  43.11051744 -076.12093694
111  43.11060485 -076.11929416
111  43.11062069 -076.11901322
111  43.11075481 -076.11657093
111  43.11077143 -076.11632619
111  43.11081866 -076.11541611
111  43.11082785 -076.11529602
112  43.11083710 -076.11510258  43.11084599 -076.11501260
111  43.11087222 -076.11488017
113  43.11094832 -076.11487195
110 1 0.00 139.0000 New Taxiway 12
112  43.11157047 -076.11354730  43.11152383 -076.11369132
111  43.11147723 -076.11376429
111  43.11116150 -076.11439699
111  43.11103360 -076.11465020
111  43.11094832 -076.11487195
111  43.11087222 -076.11488017
111  43.11092328 -076.11471713
111  43.11100310 -076.11453583
111  43.11129788 -076.11394640
111  43.11119061 -076.11384557
111  43.11136605 -076.11349379
111  43.11146698 -076.11358866
112  43.11154383 -076.11333462  43.11154966 -076.11327877
111  43.11155707 -076.11314989
113  43.11163071 -076.11315372
110 2 0.00 134.0000 New Taxiway 57
111  43.11070831 -076.09867525
111  43.11077576 -076.09858293
111  43.11329923 -076.10217318
113  43.11323379 -076.10226070
110 2 12.00 134.0000 New Taxiway 55
111  43.11458929 -076.10418579
111  43.11465628 -076.10409575
111  43.11495585 -076.10452516
113  43.11488506 -076.10461174
110 2 12.00 134.0000 New Taxiway 54
111  43.11666243 -076.10714066
111  43.11544128 -076.10540392
111  43.11550498 -076.10530917
113  43.11673016 -076.10704959
110 2 12.00 134.0000 New Taxiway 52
111  43.11737972 -076.10815714
111  43.11744817 -076.10806933
111  43.12006279 -076.11178617
113  43.11999518 -076.11187448
110 2 0.00 358.0000 New Taxiway 13
111  43.11607804 -076.11154142
111  43.11609048 -076.11117667
111  43.11650288 -076.11120305
113  43.11649045 -076.11156780
110 1 0.00 139.0000 New Taxiway 5
111  43.10618919 -076.12703192
111  43.10617120 -076.12700100
111  43.10615627 -076.12698177
111  43.10611701 -076.12695172
111  43.10590006 -076.12693202
111  43.10585148 -076.12700996
111  43.10524472 -076.12695909
111  43.10525301 -076.12678616
111  43.10612223 -076.12687779
111  43.10615195 -076.12687864
111  43.10617196 -076.12685556
111  43.10619619 -076.12682382
113  43.10619092 -076.12703301
110 1 0.00 0.0000 New Taxiway 4
111  43.10611399 -076.12734151
111  43.10523312 -076.12725132
111  43.10523930 -076.12714155
111  43.10612051 -076.12724994
111  43.10615123 -076.12724153
111  43.10616440 -076.12722710
111  43.10618195 -076.12720546
113  43.10618022 -076.12739541
110 1 0.00 139.0000 New Taxiway 22
111  43.11707412 -076.10771820
111  43.11722888 -076.10773547
111  43.11745493 -076.10806209
111  43.11744817 -076.10806933
113  43.11737972 -076.10815714
110 1 0.00 139.0000 New Taxiway 21
111  43.11673016 -076.10704959
111  43.11687128 -076.10724593
111  43.11680487 -076.10734964
113  43.11666216 -076.10714066
110 1 0.00 139.0000 New Taxiway 20
111  43.11528183 -076.10517463
111  43.11538915 -076.10512300
111  43.11551264 -076.10529544
111  43.11550498 -076.10530917
113  43.11544128 -076.10540392
110 1 0.00 139.0000 New Taxiway 19
112  43.11017746 -076.09782414  43.11016557 -076.09774635
111  43.11013982 -076.09767851
111  43.11027519 -076.09787298
111  43.11026594 -076.09806384
113  43.11018604 -076.09794535
110 1 0.00 139.0000 New Taxiway 15
111  43.10947072 -076.09671808
111  43.10967984 -076.09700926
112  43.10956177 -076.09701975  43.10949769 -076.09704901
113  43.10945309 -076.09714523
110 1 0.00 139.0000 New Taxiway 14
111  43.11015538 -076.09648744
112  43.11025370 -076.09642393  43.11029269 -076.09635880
111  43.11031829 -076.09627904
111  43.11047963 -076.09673716
111  43.11070257 -076.09706009
113  43.11062827 -076.09715268
110 1 0.00 139.0000 New Taxiway 13
112  43.11050063 -076.09849321  43.11047765 -076.09852360
111  43.11044551 -076.09862606
111  43.11045884 -076.09812432
111  43.11077576 -076.09858293
111  43.11070831 -076.09867525
113  43.11054555 -076.09845045
110 1 6.00 139.0000 New Taxiway 12
111  43.11329923 -076.10217318
111  43.11387674 -076.10298680
111  43.11387081 -076.10316837
113  43.11323379 -076.10226070
110 2 12.00 134.0000 New Taxiway 51
111  43.12050174 -076.11118894
111  43.11062827 -076.09715268
111  43.11070257 -076.09706009
111  43.12057549 -076.11110224
113  43.12050735 -076.11118846
110 2 0.00 358.0000 New Taxiway 1
111  43.10643227 -076.12603722
111  43.10646083 -076.12589264
111  43.10653385 -076.12584871
111  43.10732776 -076.12589691
113  43.10725729 -076.12607993
110 1 0.00 139.0000 HeliTaxi
111  43.10715291 -076.10639138
111  43.10717423 -076.10587350
112  43.10712875 -076.10578005  43.10709962 -076.10574953
112  43.10703635 -076.10572164  43.10700322 -076.10571616
111  43.10686109 -076.10572730
111  43.10701503 -076.10562429
111  43.10746989 -076.10565544
112  43.10738745 -076.10570802  43.10735127 -076.10575431
111  43.10732312 -076.10580902
113  43.10728964 -076.10639524
110 1 0.00 139.0000 Heli
112  43.10728132 -076.10628831  43.10732757 -076.10628801
112  43.10740487 -076.10635745  43.10743773 -076.10640203
112  43.10745654 -076.10652601  43.10745676 -076.10658936
112  43.10740606 -076.10669524  43.10737351 -076.10674024
112  43.10728300 -076.10676600  43.10723675 -076.10676631
112  43.10715945 -076.10669686  43.10712659 -076.10665228
112  43.10710779 -076.10652831  43.10710757 -076.10646496
114  43.10715827 -076.10635908  43.10719081 -076.10631407
130 Airport Boundary 1
111  43.10502225 -076.13260860
111  43.10566182 -076.11610482
111  43.10192781 -076.11064560
111  43.10231875 -076.09639623
111  43.10242588 -076.08725391
111  43.10505168 -076.08732418
111  43.11204164 -076.08741719
111  43.11208402 -076.09740573
111  43.12252837 -076.11122694
111  43.12429641 -076.11615631
111  43.12098610 -076.12360576
111  43.11397504 -076.13348936
111  43.11163094 -076.13645299
111  43.11153235 -076.13903652
111  43.10682893 -076.13889835
113  43.10704920 -076.13299450
120 RoadLineRON
111  43.11055338 -076.12093481 22
111  43.11053339 -076.12133842 22
112  43.11051144 -076.12151947  43.11049389 -076.12158557 22
111  43.11047408 -076.12165977 22
111  43.11035376 -076.12203557 22
112  43.11032085 -076.12215817  43.11031171 -076.12220511 22
111  43.11030769 -076.12236324 22
111  43.11023568 -076.12423425 22
112  43.11024017 -076.12435084  43.11024428 -076.12439090 22
111  43.11026003 -076.12447403 22
111  43.11037000 -076.12515763 22
112  43.11039059 -076.12530412  43.11039478 -076.12538184 22
111  43.11039248 -076.12547438 22
111  43.11030364 -076.12810718 22
112  43.11033649 -076.12838969  43.11037196 -076.12858035 22
111  43.11039621 -076.12862101 22
111  43.11091091 -076.12985914 22
112  43.11097057 -076.13007915  43.11099026 -076.13019213 22
111  43.11098769 -076.13038268 22
115  43.11090487 -076.13135690
120 RoadLineRON
111  43.11052217 -076.12093290 20
111  43.11051007 -076.12133191 20
112  43.11048500 -076.12149509  43.11047552 -076.12153793 20
111  43.11044810 -076.12163175 20
111  43.11031950 -076.12204736 20
112  43.11029412 -076.12214357  43.11028749 -076.12218640 20
111  43.11028155 -076.12236453 20
111  43.11020972 -076.12423189 20
112  43.11021010 -076.12435537  43.11021087 -076.12439502 20
111  43.11022963 -076.12448507 20
111  43.11034237 -076.12516492 20
112  43.11036139 -076.12529722  43.11036803 -076.12538289 20
111  43.11036337 -076.12547187 20
111  43.11027279 -076.12810428 20
112  43.11030343 -076.12840395  43.11032792 -076.12851335 20
111  43.11037131 -076.12864609 20
111  43.11088885 -076.12988126 20
112  43.11094387 -076.13011140  43.11095649 -076.13022483 20
111  43.11095708 -076.13038512 20
115  43.11087873 -076.13131870
120 RoadLineRON
111  43.11058441 -076.12093614 20
111  43.11056286 -076.12134345 20
112  43.11054451 -076.12152013  43.11053124 -076.12159542 20
111  43.11049948 -076.12167714 20
111  43.11038028 -076.12205270 20
112  43.11035019 -076.12217547  43.11033977 -076.12225336 20
111  43.11033682 -076.12236694 20
111  43.11026601 -076.12423687 20
112  43.11026960 -076.12435185  43.11027455 -076.12440401 20
111  43.11028440 -076.12446655 20
111  43.11039730 -076.12514729 20
112  43.11041759 -076.12530469  43.11042286 -076.12538237 20
111  43.11042400 -076.12547623 20
111  43.11033284 -076.12810117 20
112  43.11036255 -076.12837149  43.11038791 -076.12852077 20
111  43.11042408 -076.12859961 20
111  43.11094512 -076.12983910 20
112  43.11099959 -076.13008555  43.11102152 -076.13025456
111  43.11099959 -076.13008555
112  43.11099959 -076.13008555  43.11102015 -076.13024392 20
111  43.11101371 -076.13038811 20
115  43.11093553 -076.13138979
120 Linear Feature 69
111  43.10626493 -076.12493566 1
111  43.10640516 -076.12525360 1
112  43.10655305 -076.12530478  43.10663281 -076.12526860 1
111  43.10664361 -076.12515675 1
115  43.10664897 -076.12492872
120 Linear Feature 50
111  43.10655737 -076.09335936 51 101
111  43.10697003 -076.09285318 51 101
112  43.10746129 -076.09260878  43.10763816 -076.09257753 51 101
111  43.10774050 -076.09258232 51 101
111  43.10813188 -076.09260673 51 101
111  43.10859776 -076.09263469 51 101
111  43.10886849 -076.09265142 51 101
112  43.10915580 -076.09272444  43.10924861 -076.09279822 51 101
111  43.10926021 -076.09296175 51 101
115  43.10927331 -076.09317150
120 Linear Feature 49
111  43.10739817 -076.12560529 58
112  43.10676763 -076.12549948  43.10664932 -076.12540766 58
115  43.10654087 -076.12519701
120 Linear Feature 48
111  43.10910073 -076.09853962 51 101
111  43.10910359 -076.09829996 51 101
112  43.10906935 -076.09809808  43.10904748 -076.09799649 51 101
111  43.10899613 -076.09788578 51 101
111  43.10886277 -076.09768236 51 101
111  43.10892529 -076.09772470 51 101
112  43.10904457 -076.09770146  43.10910575 -076.09765408 51 101
111  43.10913211 -076.09752738 51 101
115  43.10915798 -076.09677344
120 Linear Feature 47
111  43.10949051 -076.11073922 51 101
111  43.10917894 -076.11028341 51 101
112  43.10891682 -076.10961662  43.10878263 -076.10922275 51 101
111  43.10879059 -076.10886547 51 101
115  43.10882017 -076.10799618
120 Linear Feature 46
112  43.10858542 -076.11430212  43.10858542 -076.11429431 51
111  43.10860159 -076.11372513 51
112  43.10850951 -076.11333526  43.10840332 -076.11305089 51
111  43.10816132 -076.11301160 51
115  43.10795921 -076.11299019
120 Linear Feature 45
111  43.10778769 -076.11807613 51
111  43.10805338 -076.11809268 51
112  43.10834169 -076.11789225  43.10845260 -076.11772908
111  43.10834169 -076.11789225
112  43.10834169 -076.11789225  43.10845260 -076.11772908 51
111  43.10847642 -076.11752315 51
115  43.10850106 -076.11673407
120 Linear Feature 44
111  43.10842274 -076.11905030 51
111  43.10843370 -076.11870332 51
112  43.10831529 -076.11830842  43.10819912 -076.11812948 51
111  43.10805099 -076.11810320 51
115  43.10778769 -076.11807613
120 Linear Feature 43
111  43.10738405 -076.11348645 51
112  43.10729872 -076.11314697  43.10723070 -076.11302831 51
111  43.10712587 -076.11296474 51
115  43.10701535 -076.11292556
120 Linear Feature 42
111  43.10781683 -076.11297584 51 103
112  43.10768410 -076.11299118  43.10764184 -076.11300293 51 103
112  43.10746962 -076.11318191  43.10741231 -076.11326386 51
115  43.10738405 -076.11348645
120 Linear Feature 41
111  43.10596357 -076.11354417 51
111  43.10597612 -076.11343164 51
112  43.10602467 -076.11330301  43.10606815 -076.11323668 51
111  43.10617088 -076.11316959 51
111  43.10639705 -076.11299859 51
111  43.10655432 -076.11290002 51
111  43.10751673 -076.11295266 51 103
115  43.10793643 -076.11298518
120 Linear Feature 39
111  43.10909385 -076.09951461 51 101
111  43.10912265 -076.09872799 51 101
112  43.10924065 -076.09851122  43.10932851 -076.09847215 51 101
111  43.10943528 -076.09850827 51 101
115  43.10947491 -076.09854509
120 Linear Feature 38
111  43.10945616 -076.11199063 51 101
111  43.10930936 -076.11215318 51 101
112  43.10893563 -076.11220939  43.10876067 -076.11208826 51 101
111  43.10870066 -076.11180427 51 101
111  43.10869135 -076.11137251 51 101
111  43.10871878 -076.11089264 51 101
112  43.10904029 -076.11045564  43.10927909 -076.11043276 51 101
111  43.10936832 -076.11056186 51 101
115  43.10949051 -076.11073922
120 Linear Feature 37
111  43.10968539 -076.11873792 51 101
111  43.10966875 -076.11859573 51 101
112  43.10952809 -076.11829833  43.10944172 -076.11819956
111  43.10952809 -076.11829833
112  43.10952809 -076.11829833  43.10944172 -076.11819956 51 101
111  43.10933831 -076.11818545 51 101
115  43.10917349 -076.11816808
120 Linear Feature 36
112  43.10843210 -076.11965486  43.10843210 -076.11965111 51 101
111  43.10846223 -076.11884275 51 101
112  43.10869232 -076.11832452  43.10885321 -076.11817917 51 101
111  43.10903307 -076.11816460 51 101
115  43.10917550 -076.11816694
120 Linear Feature 35
111  43.11166641 -076.10823783 51 101
112  43.11178932 -076.10829115  43.11183775 -076.10832955 51 101
115  43.11188744 -076.10840618
120 Linear Feature 34
111  43.12073584 -076.11349712 1
111  43.12059056 -076.11368794 1
112  43.12029844 -076.11383286  43.12008285 -076.11385843 1
111  43.11994228 -076.11363971 1
115  43.11963612 -076.11321171
120 Linear Feature 33
111  43.12090518 -076.11374802 56
112  43.12039488 -076.11416585  43.12002627 -076.11426669 56
115  43.11974031 -076.11385391
120 Linear Feature 31
111  43.11092453 -076.10061466 51 101
112  43.11055259 -076.10053024  43.11036636 -076.10058088 51 101
115  43.11027195 -076.10095958
120 Linear Feature 30
111  43.10935557 -076.09731011 54
115  43.10895463 -076.09729369
120 Linear Feature 29
111  43.11002105 -076.09650982 54
115  43.10973867 -076.09688093
120 Linear Feature 28
111  43.11040953 -076.10142056 56
115  43.11015374 -076.10141014
120 Linear Feature 27
111  43.11103634 -076.10107649 56
115  43.11122227 -076.10083367
120 Linear Feature 26
111  43.11340387 -076.11094012 22
111  43.11386943 -076.11096487 22
112  43.11396052 -076.11091355  43.11399076 -076.11086639 22
115  43.11400027 -076.11070930
120 Linear Feature 25
111  43.11426014 -076.11103553 21
115  43.11339979 -076.11098856
120 Linear Feature 23
111  43.11125851 -076.12359743 1
115  43.11084942 -076.12357608
120 Ice1
111  43.11099540 -076.11296768 1
111  43.11127941 -076.11286097 1
112  43.11139415 -076.11275694  43.11142926 -076.11268720 1
111  43.11143109 -076.11260645 1
111  43.11145094 -076.11183817 1
112  43.11146250 -076.11176232  43.11146816 -076.11173872 1
115  43.11148465 -076.11169533
120 Ice2
111  43.11054885 -076.11301069 1
111  43.11095047 -076.11298064 1
112  43.11106332 -076.11290335  43.11111257 -076.11282570 1
111  43.11112338 -076.11274878 1
111  43.11115614 -076.11185123 1
112  43.11116095 -076.11175852  43.11116766 -076.11171844 1
115  43.11118527 -076.11168918
120 Ice3
111  43.10986671 -076.11326374 1
112  43.10996444 -076.11306409  43.11004170 -076.11299875 1
111  43.11015015 -076.11300752 1
111  43.11054885 -076.11301069 1
112  43.11072497 -076.11289230  43.11082006 -076.11276371 1
111  43.11080262 -076.11264962 1
111  43.11082567 -076.11180507 1
112  43.11080688 -076.11171332  43.11078916 -076.11168113 1
111  43.11076216 -076.11165196
111  43.11089785 -076.11165905 1
112  43.11085417 -076.11170797  43.11083124 -076.11174421 1
115  43.11082567 -076.11180507
120 Ice4
111  43.11027947 -076.11141881 51 101
112  43.11008021 -076.11152580  43.10995587 -076.11163380 51 101
111  43.10991703 -076.11185997 51 101
111  43.10988638 -076.11264656 51 101
112  43.11015198 -076.11299166  43.11038577 -076.11298876 51 101
111  43.11042160 -076.11270015 51 101
111  43.11045224 -076.11179582 51 101
112  43.11056873 -076.11151659  43.11067670 -076.11142521 51 101
111  43.11077259 -076.11143681 51 101
111  43.11120118 -076.11146267 51 101
112  43.11126057 -076.11146513  43.11128301 -076.11146339 51 101
115  43.11131499 -076.11145426
120 Ice7
111  43.11687816 -076.11019693 51
111  43.11663210 -076.11078335 51
112  43.11648042 -076.11087270  43.11638460 -076.11087871 51
111  43.11633026 -076.11078473 51
115  43.11597382 -076.11028259
120 Ice6
111  43.11693677 -076.10940789 51
111  43.11691710 -076.10994190 51
112  43.11679272 -076.11033461  43.11664559 -076.11049669 51
111  43.11646510 -076.11032838 51
115  43.11599035 -076.10966347
120 Ice5
111  43.11690692 -076.10912608 1
112  43.11686141 -076.10958147  43.11670341 -076.10980513 1
111  43.11651129 -076.10965766 1
115  43.11600875 -076.10894888
120 B24
111  43.11500151 -076.10955102 51
115  43.11502785 -076.10885060
120 A-4
111  43.11223270 -076.11015729 51
115  43.11258946 -076.10970963
120 A-6
111  43.11272938 -076.10932524 51
115  43.11229531 -076.10929339
120 A-3
111  43.11223827 -076.11087391 51
115  43.11265967 -076.11038972
120 A-1
111  43.11184229 -076.11184589 51
115  43.11227208 -076.11137438
120 A-8
111  43.11282988 -076.10903470 51
115  43.11268953 -076.10846257
120 A-9
111  43.11308812 -076.10905926 51
115  43.11311068 -076.10843879
120 A-10
111  43.11328658 -076.10922632 51
115  43.11356997 -076.10869659
120 B20
111  43.11521592 -076.11107703 51
115  43.11562115 -076.11111009
120 B22
111  43.11513924 -076.10996924 51
115  43.11543987 -076.10989910
120 B21
111  43.11512154 -076.11074669 51
115  43.11542217 -076.11067655
120 B23
111  43.11549138 -076.10940111 51
115  43.11522022 -076.10969764
120 Linear Feature 28
111  43.10937056 -076.12684928 1 101
115  43.10944988 -076.12577907
120 Linear Feature 27
111  43.10950723 -076.12696514 4
115  43.10924316 -076.12695655
120 Linear Feature 24
111  43.10959822 -076.12561504 6
115  43.10932671 -076.12560818
120 Linear Feature 23
111  43.10955609 -076.12601938 58
112  43.10912436 -076.12652368  43.10881210 -076.12658452 58
115  43.10864109 -076.12630810
120 Linear Feature 22
111  43.10949813 -076.09322948 3
112  43.10962086 -076.09295044  43.10971103 -076.09284522 3
115  43.10984128 -076.09284636
120 Linear Feature 21
111  43.10897880 -076.09301273 3
112  43.10886591 -076.09287812  43.10878957 -076.09281921 3
115  43.10868946 -076.09281265
120 Linear Feature 20
111  43.10813310 -076.09216237 4
115  43.10812031 -076.09280036
120 Linear Feature 19
111  43.10859561 -076.09279831 4
115  43.10859842 -076.09244301
120 Linear Feature 18
111  43.11156484 -076.11316569 20
115  43.11159202 -076.11316591
120 Linear Feature 3
111  43.11092675 -076.11483611 22
112  43.11088337 -076.11501708  43.11087004 -076.11510272 22
111  43.11085966 -076.11532306 22
115  43.11055338 -076.12093481
120 Linear Feature 17
111  43.11159650 -076.11314705 22
111  43.11158435 -076.11330188 22
112  43.11155652 -076.11345342  43.11154422 -076.11348866 22
111  43.11150295 -076.11360877 22
111  43.11105539 -076.11451991 22
111  43.11099889 -076.11464013 22
111  43.11095440 -076.11475212 22
115  43.11092675 -076.11483611
120 Linear Feature 16
111  43.11156500 -076.11314945 20
111  43.11154468 -076.11335419 20
112  43.11150224 -076.11351526  43.11148211 -076.11356857
111  43.11150224 -076.11351526
112  43.11150224 -076.11351526  43.11148211 -076.11356857 20
111  43.11144449 -076.11366108 20
111  43.11129975 -076.11395171 20
111  43.11104246 -076.11446041 20
111  43.11096070 -076.11463004 20
115  43.11089486 -076.11481895
120 Linear Feature 15
111  43.11162404 -076.11315328 20
111  43.11161518 -076.11326930 20
112  43.11156122 -076.11353908  43.11153212 -076.11362301 20
111  43.11147821 -076.11373338 20
111  43.11108931 -076.11451983 20
111  43.11101463 -076.11468047 20
115  43.11095087 -076.11485893
120 Linear Feature 11
111  43.11425927 -076.11099131 22
111  43.11415316 -076.11098478 22
112  43.11405151 -076.11091541  43.11400464 -076.11085650 22
111  43.11399989 -076.11070578 22
111  43.11405618 -076.10876793 22
112  43.11401841 -076.10859788  43.11397806 -076.10850066 22
115  43.11394953 -076.10844061
120 Linear Feature 10
111  43.11425530 -076.10861367 22
111  43.11415371 -076.10859174 22
111  43.11405144 -076.10853932 22
111  43.11387164 -076.10835901 22
111  43.11374929 -076.10828671 22
111  43.11234127 -076.10818879 22
112  43.11216712 -076.10825484  43.11209059 -076.10832473
111  43.11216712 -076.10825484
112  43.11216712 -076.10825484  43.11209059 -076.10832473 22
111  43.11206472 -076.10845774 22
111  43.11165160 -076.11215362 22
111  43.11162626 -076.11254538 22
115  43.11159650 -076.11314705
120 Linear Feature 9
111  43.11619408 -076.11168583 22
111  43.11612285 -076.11168561 22
112  43.11597544 -076.11165151  43.11592762 -076.11160436 22
111  43.11592226 -076.11151775 22
111  43.11598909 -076.10924533 22
112  43.11587910 -076.10887528  43.11577242 -076.10871086 22
111  43.11561702 -076.10869842 22
115  43.11425683 -076.10861557
120 Linear Feature 8
111  43.11234262 -076.10814135 21
112  43.11216808 -076.10819556  43.11206493 -076.10826869 21
111  43.11202494 -076.10844134 21
111  43.11163005 -076.11202311 21
111  43.11161181 -076.11233720 21
111  43.11159283 -076.11268671 21
115  43.11156500 -076.11314945
120 Linear Feature 6
111  43.11233934 -076.10823496 21
112  43.11217980 -076.10830191  43.11211749 -076.10836845 21
111  43.11210048 -076.10844336 21
111  43.11166810 -076.11236661 21
115  43.11162423 -076.11315125
120 Linear Feature 5
111  43.11418792 -076.10855721 21
112  43.11407465 -076.10850607  43.11404613 -076.10849090 21
111  43.11388078 -076.10831304 21
112  43.11377358 -076.10824229  43.11373029 -076.10821833 21
111  43.11354041 -076.10821750 21
115  43.11234262 -076.10814135
120 Linear Feature 68
111  43.10636959 -076.12184552 1
111  43.10658025 -076.12185754 1
112  43.10669612 -076.12195373  43.10673203 -076.12200832 1
111  43.10674160 -076.12211447
111  43.10676093 -076.12160973 1
112  43.10669565 -076.12177940  43.10664281 -076.12183275 1
115  43.10658025 -076.12185754
120 Linear Feature 67
111  43.10634386 -076.12243262 1
111  43.10648723 -076.12243964 1
112  43.10665303 -076.12250977  43.10670485 -076.12256487 1
111  43.10672454 -076.12268063
111  43.10673731 -076.12221579 1
112  43.10666352 -076.12238453  43.10659443 -076.12244854 1
115  43.10648723 -076.12243964
120 Linear Feature 66
111  43.10629562 -076.12400130 1
111  43.10649224 -076.12401332 1
112  43.10659406 -076.12407656  43.10664909 -076.12412584 1
111  43.10667256 -076.12426411
111  43.10668931 -076.12376718 1
112  43.10659933 -076.12396163  43.10654860 -076.12400811 1
115  43.10649224 -076.12401332
120 Linear Feature 61
111  43.10646088 -076.12315816 5
115  43.10646419 -076.12296739
120 Linear Feature 60
111  43.10642975 -076.12409725 5
115  43.10643382 -076.12391698
120 Linear Feature 59
111  43.10647777 -076.12248280 5
115  43.10647831 -076.12239261
120 Linear Feature 58
111  43.10649630 -076.12192723 5
115  43.10650082 -076.12175519
120 Linear Feature 50
111  43.10696596 -076.11557135 5
115  43.10696723 -076.11538975
120 Linear Feature 48
111  43.10697625 -076.11821873 5
115  43.10698851 -076.11784475
120 Linear Feature 46
111  43.10731298 -076.10597072 4
115  43.10717389 -076.10596470
120 Linear Feature 45
111  43.10994781 -076.11392326 58
111  43.11001187 -076.11198855 58
112  43.11009858 -076.11168719  43.11020154 -076.11156274 58
115  43.11026966 -076.11156966
120 Linear Feature 44
111  43.11094512 -076.11310956 3
111  43.11011508 -076.11316594 3
112  43.11004543 -076.11320727  43.11000436 -076.11324334 3
111  43.10998767 -076.11331802 3
115  43.10994781 -076.11392326
120 Linear Feature 43
111  43.11041940 -076.11255881 20
111  43.11041989 -076.11259471 20
111  43.11041132 -076.11256887 20
115  43.11042332 -076.11256887
120 Linear Feature 42
111  43.11045878 -076.11198399 20
111  43.11045878 -076.11193981 20
111  43.11046878 -076.11196833 20
115  43.11045613 -076.11196777
120 Linear Feature 41
111  43.11083594 -076.11195920 20
111  43.11082924 -076.11195920 20
111  43.11082854 -076.11196935 20
111  43.11083312 -076.11197273 20
111  43.11082889 -076.11198143 20
111  43.11082924 -076.11199592 20
115  43.11083806 -076.11199689
120 Linear Feature 40
111  43.11078450 -076.11261776 20
111  43.11079367 -076.11261679 20
111  43.11079332 -076.11260713 20
111  43.11078550 -076.11260296 20
111  43.11079278 -076.11259690 20
111  43.11079278 -076.11258490 20
115  43.11078305 -076.11258485
120 Linear Feature 39
111  43.11117167 -076.11198174 20
111  43.11116750 -076.11196917 20
111  43.11116165 -076.11196716 20
111  43.11115946 -076.11197618 20
111  43.11116365 -076.11198956 20
111  43.11116774 -076.11200311 20
111  43.11116853 -076.11201270 20
115  43.11115647 -076.11201189
120 Linear Feature 38
111  43.11111575 -076.11246308 20
111  43.11112137 -076.11246932 20
111  43.11112702 -076.11246836 20
111  43.11112984 -076.11246014 20
111  43.11112314 -076.11244710 20
111  43.11111679 -076.11244130 20
111  43.11111432 -076.11243115 20
115  43.11112878 -076.11243134
120 Linear Feature 37
111  43.11146326 -076.11199497 20
111  43.11145868 -076.11199159 20
115  43.11145797 -076.11203798
120 Linear Feature 36
111  43.11141927 -076.11248721 20
111  43.11142224 -076.11249243 20
115  43.11142223 -076.11245253
120 Linear Feature 30
111  43.11641176 -076.11086307 20
111  43.11640965 -076.11087902 20
115  43.11643963 -076.11087805
120 Linear Feature 29
111  43.11650414 -076.11037827 20
111  43.11651508 -076.11037585 20
111  43.11653730 -076.11039470 20
111  43.11653271 -076.11040340 20
111  43.11651969 -076.11039369 20
115  43.11652439 -076.11038451
120 Linear Feature 28
111  43.11617183 -076.11054610 20
111  43.11617818 -076.11053498 20
115  43.11615349 -076.11051565
120 Linear Feature 27
111  43.11620369 -076.10992925 20
111  43.11619218 -076.10992891 20
111  43.11617552 -076.10990878 20
111  43.11618213 -076.10989703 20
111  43.11619193 -076.10991079 20
115  43.11618654 -076.10992052
120 Linear Feature 26
111  43.11657017 -076.10971019 20
111  43.11657322 -076.10970115 20
111  43.11658331 -076.10970643 20
111  43.11658044 -076.10971700 20
111  43.11659164 -076.10972489 20
115  43.11659581 -076.10971488
120 Linear Feature 25
111  43.11622907 -076.10922418 20
111  43.11622131 -076.10923819 20
111  43.11621355 -076.10922998 20
111  43.11621920 -076.10921645 20
111  43.11620901 -076.10920456 20
115  43.11620180 -076.10921355
120 Linear Feature 21
111  43.11608582 -076.11098233 8
111  43.11613741 -076.10912037 8
115  43.11641303 -076.10913119
120 Linear Feature 19
111  43.11159554 -076.11256571 8
111  43.11161671 -076.11192994 8
111  43.11152088 -076.11182200 8
111  43.11041970 -076.11176877 8
111  43.11030139 -076.11184606 8
111  43.11027773 -076.11262393 8
111  43.11080484 -076.11266577 8
113  43.11113683 -076.11253417 8
120 Linear Feature 18
111  43.11028911 -076.11120516 5
115  43.11022408 -076.11314682
120 Linear Feature 17
111  43.11166515 -076.10809846 5
115  43.11166364 -076.10838396
120 Linear Feature 16
111  43.11214986 -076.10776044 5
115  43.11190865 -076.10774490
120 Linear Feature 15
111  43.11416799 -076.10788114 5
115  43.11389470 -076.10787295
120 Linear Feature 14
111  43.11703464 -076.11000707 5
115  43.11604028 -076.10858551
120 Linear Feature 2
111  43.10735739 -076.12581365 59
111  43.10691752 -076.12577717 59
112  43.10665189 -076.12562704  43.10653120 -076.12550982 59
111  43.10640569 -076.12511925 59
115  43.10638286 -076.12488569
120 Linear Feature 4
111  43.11340293 -076.11089427 21
111  43.11381759 -076.11091409 21
112  43.11391784 -076.11085639  43.11396318 -076.11078817 21
111  43.11396448 -076.11069521 21
111  43.11402071 -076.10874868 21
112  43.11391048 -076.10847153  43.11380194 -076.10832399 21
111  43.11366792 -076.10831554 21
115  43.11233934 -076.10823496
120 Linear Feature 3
111  43.11426350 -076.11094162 21
111  43.11415882 -076.11093450 21
112  43.11406805 -076.11086336  43.11402769 -076.11080045 21
111  43.11403515 -076.11069971 21
111  43.11410159 -076.10872118 21
112  43.11412803 -076.10867257  43.11415203 -076.10865406 21
111  43.11416629 -076.10865923 21
115  43.11418346 -076.10866088
120 Linear Feature 2
111  43.11619709 -076.11173933 21
111  43.11602131 -076.11173257 21
112  43.11594216 -076.11167658  43.11589150 -076.11161729 21
111  43.11588205 -076.11152286 21
111  43.11595158 -076.10921289 21
112  43.11584904 -076.10890210  43.11576538 -076.10877254 21
111  43.11563656 -076.10874838 21
115  43.11418346 -076.10866088
120 Linear Feature 1
111  43.11619915 -076.11163777 21
111  43.11602149 -076.11163033 21
112  43.11597541 -076.11158778  43.11594689 -076.11154871 21
111  43.11595337 -076.11150406 21
111  43.11602412 -076.10922965 21
112  43.11591705 -076.10885399  43.11581914 -076.10869672 21
111  43.11564037 -076.10865687 21
115  43.11418792 -076.10855721
120 Linear Feature 3
111  43.10701121 -076.12015268 3 102
111  43.10706459 -076.11993419 3 102
111  43.10712119 -076.11840334 3 102
112  43.10706924 -076.11826012  43.10701963 -076.11820794 3 102
111  43.10697625 -076.11821873 3 106
111  43.10691446 -076.12000086 3 106
115  43.10685238 -076.12015704
120 Linear Feature 12
111  43.12057611 -076.11656727 1
115  43.12056664 -076.11634656
120 Linear Feature 11
111  43.12064961 -076.11645120 1
115  43.12048673 -076.11646625
120 Linear Feature 10
111  43.11776497 -076.12088989 1
115  43.11775489 -076.12067043
120 Linear Feature 9
111  43.11783730 -076.12077211 1
115  43.11768172 -076.12079137
120 Linear Feature 8
111  43.11520764 -076.12483484 1
115  43.11519118 -076.12461847
120 Linear Feature 7
111  43.11528102 -076.12471717 1
115  43.11511124 -076.12474042
120 Linear Feature 26
111  43.10933355 -076.12864552 1 101
111  43.10936900 -076.12684541 1 101
112  43.10928580 -076.12647524  43.10918761 -076.12634098 1 101
111  43.10912438 -076.12634365 1 101
115  43.10905742 -076.12633690
120 TLine_A
111  43.10826130 -076.12439660 51 101
112  43.10843185 -076.12543475  43.10856841 -076.12578210 51 101
111  43.10864753 -076.12598307 51 101
112  43.10905742 -076.12633690  43.10939449 -076.12635333 51 101
111  43.10945049 -076.12577645 51 101
111  43.10946411 -076.12534022 51 101
111  43.10950329 -076.12428112 51 101
111  43.10957841 -076.12220910 51 101
111  43.10960264 -076.12119931 51 101
111  43.10988638 -076.11264656 51 101
111  43.10991703 -076.11185997 51 101
111  43.11001141 -076.10871842 51 101
111  43.11007987 -076.10660093 51 101
111  43.11025731 -076.10141676 51 101
111  43.11034180 -076.09871829 51 101
111  43.11041885 -076.09644920 51 101
111  43.11051867 -076.09344765 51 101
112  43.11046229 -076.09286779  43.11037724 -076.09265945 51 101
111  43.11001691 -076.09266766 51 101
111  43.10965956 -076.09265712 51 101
112  43.10940919 -076.09280318  43.10930195 -076.09293843 51 101
115  43.10928709 -076.09315504
120 B_Star
111  43.11001141 -076.10871842 51 101
112  43.11022323 -076.10824031  43.11041378 -076.10813334 51 101
115  43.11062488 -076.10816735
120 W_to B
111  43.11509802 -076.10654673 1
112  43.11515513 -076.10706178  43.11508839 -076.10740301 1
115  43.11480144 -076.10744262
120 15Line
111  43.11681198 -076.10756589 51 101
112  43.11707006 -076.10729611  43.11714947 -076.10703612 51 101
115  43.11700256 -076.10684248
120 TLine_B
111  43.10873205 -076.11015114 51 101
112  43.10902695 -076.10897418  43.10921929 -076.10867326 51 101
111  43.10949924 -076.10834037 51 101
111  43.10999689 -076.10773863 51 101
112  43.11034940 -076.10732664  43.11046362 -076.10723496 51 101
111  43.11065726 -076.10720242 51 101
111  43.11186246 -076.10726352 51 101
111  43.11241895 -076.10730738 51 101
111  43.11368548 -076.10737239 51 101
111  43.11445329 -076.10741669 51 101
111  43.11560269 -076.10749421 51 101
112  43.11621919 -076.10753795  43.11644638 -076.10756806 51 101
111  43.11681157 -076.10756521 51 101
112  43.11722060 -076.10759369  43.11742388 -076.10760677 51 101
115  43.11761924 -076.10777311
120 TLine_C
111  43.10861776 -076.11381765 51 101
112  43.10896615 -076.11264251  43.10920311 -076.11226182 51 101
111  43.10945616 -076.11199063 51 101
112  43.10995893 -076.11152546  43.11016224 -076.11143188 51 101
115  43.11027947 -076.11141881
120 TLine_D1
111  43.11665753 -076.10877174 1
112  43.11640692 -076.10861552  43.11620446 -076.10857427 1
111  43.11600771 -076.10887105 1
112  43.11621300 -076.10842738  43.11622662 -076.10818862 1
115  43.11613493 -076.10803420
120 Linear Feature 32
111  43.10942573 -076.10843009 51 101
112  43.10904910 -076.10845854  43.10886748 -076.10834783 51 101
111  43.10882017 -076.10799618 51 101
111  43.10885159 -076.10714027 51 101
112  43.10918871 -076.10671767  43.10943982 -076.10669384 51 101
115  43.10957016 -076.10692863
120 E_Star
111  43.11007987 -076.10660093 51 101
112  43.11020052 -076.10700717  43.11032910 -076.10719634 51 101
115  43.11065726 -076.10720242
120 TLine_E
111  43.10890482 -076.10491130 51 101
112  43.10904040 -076.10596091  43.10914298 -076.10626196 51 101
111  43.10932643 -076.10657230 51 101
112  43.10977145 -076.10723580  43.10985806 -076.10738180 51 101
111  43.11000246 -076.10760783 51 101
112  43.11016580 -076.10785772  43.11020501 -076.10791274 51 101
112  43.11044066 -076.10811356  43.11052474 -076.10815913 51 101
111  43.11062488 -076.10816735 51 101
111  43.11166641 -076.10823783 51 101
115  43.11200628 -076.10818619
120 FStar
111  43.10950144 -076.11076374 51 101
112  43.10987823 -076.11125433  43.10998049 -076.11135235 51 101
115  43.11027947 -076.11141881
120 TLine_G
111  43.10972152 -076.11767033 51 101
112  43.10953960 -076.11808587  43.10939969 -076.11818624 51 101
111  43.10917550 -076.11816694 51 101
111  43.10903113 -076.11815211 51 101
112  43.10869943 -076.11794090  43.10853662 -076.11775148 51 101
111  43.10850949 -076.11729759 51 101
115  43.10853067 -076.11659166
120 TLine_H
111  43.10821104 -076.12496443 1
112  43.10802188 -076.12532646  43.10788631 -076.12547867 1
111  43.10772509 -076.12547366 1
111  43.10700384 -076.12543972 1
112  43.10680216 -076.12531487  43.10667452 -076.12518055 1
111  43.10664897 -076.12492872 1
111  43.10667256 -076.12426411 1
111  43.10668931 -076.12376718 1
111  43.10672454 -076.12268063 1
111  43.10673153 -076.12244717 1
111  43.10673731 -076.12221579 1
111  43.10674160 -076.12211447 1
111  43.10676093 -076.12160973 1
111  43.10677205 -076.12116233 1
112  43.10679842 -076.12092755  43.10681701 -076.12085955 1
111  43.10696271 -076.12055444 1
112  43.10717215 -076.12002075  43.10719173 -076.11977660 1
111  43.10720461 -076.11899079 1
111  43.10722399 -076.11837233 1
111  43.10724540 -076.11771039 1
111  43.10727401 -076.11674864 1
111  43.10732568 -076.11523771 1
111  43.10737005 -076.11398605 1
115  43.10738405 -076.11348645
120 H
111  43.10830645 -076.10558850 1
115  43.10816163 -076.10557462
120 J_Star2
111  43.10885716 -076.10638516 1
112  43.10871600 -076.10585089  43.10860157 -076.10563122 1
111  43.10830645 -076.10558850 1
112  43.10870710 -076.10539912  43.10888437 -076.10517755 1
115  43.10890482 -076.10491130
120 J_Star1
111  43.10617075 -076.10543396 1
112  43.10644990 -076.10531135  43.10654855 -076.10517064 1
111  43.10653863 -076.10492515 1
112  43.10665659 -076.10529207  43.10674453 -076.10539245 1
111  43.10688185 -076.10545687 1
112  43.10660877 -076.10560506  43.10653548 -076.10570543 1
111  43.10650309 -076.10602763 1
114  43.10643267 -076.10566066  43.10636672 -076.10552014 1
120 TLine_J
111  43.10816879 -076.10557598 1
111  43.10722673 -076.10547297 1
111  43.10651807 -076.10544178 1
111  43.10617075 -076.10543396 1
111  43.10478433 -076.10531459 1
112  43.10445880 -076.10551573  43.10428079 -076.10572242 1
111  43.10428292 -076.10614548 1
115  43.10413738 -076.10902315
120 TLine_K
111  43.11422265 -076.10623762 51 101
111  43.11461093 -076.10573152 51 101
111  43.11495290 -076.10528720 51 101
111  43.11516657 -076.10500125 51 101
112  43.11547178 -076.10486318  43.11560410 -076.10488745 51 101
115  43.11568359 -076.10496795
120 N_Star
111  43.10811191 -076.11299478 1
112  43.10851763 -076.11272772  43.10866077 -076.11252193
111  43.10851763 -076.11272772
112  43.10851763 -076.11272772  43.10864555 -076.11256891 1
111  43.10865785 -076.11219638 1
115  43.10866593 -076.11186555
120 P_Star
111  43.10660061 -076.10304928 1
112  43.10655875 -076.10265006  43.10649198 -076.10258040 1
111  43.10629182 -076.10258968 1
112  43.10655030 -076.10244954  43.10666793 -076.10229486 1
115  43.10663733 -076.10200107
120 TLine_P
111  43.10312580 -076.10221879 1
111  43.10550034 -076.10251942 1
115  43.10629182 -076.10258968
120 RStar
111  43.10957841 -076.12220910 1
112  43.10969873 -076.12188303  43.10977883 -076.12177426 1
111  43.10996838 -076.12173295 1
112  43.10969200 -076.12152140  43.10962934 -076.12136725 1
115  43.10960264 -076.12119931
120 Q_Star
111  43.10946411 -076.12534022 1
112  43.10962826 -076.12494522  43.10975316 -076.12483788 1
111  43.10995321 -076.12484257 1
112  43.10960422 -076.12465690  43.10950560 -076.12448758 1
115  43.10950329 -076.12428112
120 S_Star1
111  43.11405941 -076.10688172 1
112  43.11415242 -076.10719566  43.11425287 -076.10740597 1
111  43.11441716 -076.10741523 1
112  43.11417509 -076.10751362  43.11408632 -076.10760148 1
111  43.11403001 -076.10782437 1
112  43.11390590 -076.10749637  43.11379990 -076.10737086 1
111  43.11368548 -076.10737239 1
114  43.11392033 -076.10723702  43.11402962 -076.10712184 1
120 TLine_S
111  43.11400735 -076.10841946 1 101
111  43.11401805 -076.10816301 1 101
111  43.11402769 -076.10790515 1 101
111  43.11405941 -076.10688172 1 101
111  43.11408512 -076.10600267 1 101
111  43.11412500 -076.10495806 1 101
111  43.11413923 -076.10434867 1 101
112  43.11407773 -076.10326273  43.11397615 -076.10259551 1 101
115  43.11368415 -076.10211980
120 T_Star
111  43.11202666 -076.10775080 1
112  43.11195722 -076.10740242  43.11187240 -076.10728121 1
115  43.11176314 -076.10725891
120 TLine_W
111  43.10730865 -076.09311700 51 101
112  43.10708311 -076.09301335  43.10691691 -076.09298592 51 101
112  43.10636674 -076.09371980  43.10627000 -076.09411729 51 101
111  43.10652354 -076.09436765 51 101
111  43.10709831 -076.09517732 51 101
111  43.10860534 -076.09731817 51 101
111  43.10959352 -076.09871259 51 101
111  43.11014673 -076.09950943 51 101
111  43.11057029 -076.10011107 51 101
111  43.11372530 -076.10459189 51 101
111  43.11411668 -076.10515314 51 101
111  43.11459047 -076.10582720 51 101
111  43.11562195 -076.10729347 51 101
111  43.11627609 -076.10823799 51 101
111  43.11839964 -076.11121525 51 101
111  43.11993291 -076.11341151 51 101
112  43.12023574 -076.11368859  43.12037373 -076.11369883 51 101
111  43.12043698 -076.11366150 51 101
111  43.12051073 -076.11359600 51 101
111  43.12066872 -076.11339432 51 101
112  43.12098154 -076.11283350  43.12097193 -076.11263435 51 101
115  43.12090184 -076.11244243
120 TLine_Y
111  43.10665954 -076.11290569 1
112  43.10633805 -076.11260124  43.10627573 -076.11234490 1
111  43.10630088 -076.11202084 1
111  43.10652091 -076.10545346 1
111  43.10653863 -076.10492515 1
111  43.10660061 -076.10304928 1
111  43.10663733 -076.10200107 1
111  43.10682791 -076.09617862 1
111  43.10683998 -076.09571081 1
112  43.10702064 -076.09537953  43.10716392 -076.09532979 1
115  43.10728209 -076.09543757
120 RW15_HLD
111  43.12099176 -076.11385306 4 103
115  43.12059928 -076.11328697
120 RW33_HLD
111  43.10664811 -076.09348875 4 103
115  43.10647385 -076.09324144
120 RW28_HLD
111  43.11000965 -076.09251814 4 103
115  43.11000636 -076.09286499
120 ILS_Hld10
111  43.10642955 -076.12602626 6 103
111  43.10634577 -076.12602503 6 103
115  43.10637360 -076.12485834
120 ILS_far_HLD10
111  43.10663941 -076.12218221 6
115  43.10683719 -076.12218368
120 RW10A_HLD
111  43.10905378 -076.12611481 4 103
115  43.10904386 -076.12653882
120 Linear Feature 6
111  43.10739617 -076.12574705 4
115  43.10740595 -076.12528123
120 Linear Feature 5
111  43.11430386 -076.10436332 4
115  43.11398622 -076.10435706
120 Linear Feature 4
111  43.11032872 -076.09594058 4
115  43.11053635 -076.09594499
120 Linear Feature 18
111  43.11641548 -076.10770698 4
115  43.11643211 -076.10736139
120 Linear Feature 17
111  43.11507386 -076.10545053 4
115  43.11484441 -076.10512811
120 Linear Feature 15
111  43.11043970 -076.09885130 4
115  43.11023486 -076.09884274
120 Linear Feature 14
111  43.10993295 -076.09901468 4
115  43.10978052 -076.09921909
120 Linear Feature 13
111  43.10800130 -076.09666913 4
115  43.10815240 -076.09647319
120 Linear Feature 10
111  43.10816132 -076.10581504 4
115  43.10817564 -076.10533264
120 Linear Feature 9
111  43.10976175 -076.10685489 4
115  43.10951879 -076.10715039
120 Linear Feature 8
111  43.10948718 -076.10812273 4
115  43.10968750 -076.10842123
120 Linear Feature 7
111  43.10963479 -076.11058323 4
115  43.10940666 -076.11086456
120 Linear Feature 6
111  43.10937133 -076.11185330 4
115  43.10956524 -076.11214438
120 Linear Feature 5
111  43.10794282 -076.11321456 4
115  43.10795115 -076.11279075
120 Linear Feature 4
111  43.10778504 -076.11821149 4
115  43.10779067 -076.11793865
120 Linear Feature 3
111  43.10917937 -076.11800387 4
115  43.10917200 -076.11832701
120 Linear Feature 3
111  43.11602990 -076.11098793 53
111  43.11651954 -076.11100812 53
112  43.11662880 -076.11096099  43.11667212 -076.11092943 53
111  43.11673960 -076.11080974 53
111  43.11698790 -076.11022967 53
111  43.11703609 -076.11000656 53
112  43.11715392 -076.10985597  43.11725185 -076.10982135 53
111  43.11733701 -076.10996517 53
115  43.11757192 -076.11027117
120 Linear Feature 12
111  43.11725483 -076.10982709 8
111  43.11688630 -076.10934942 8
111  43.11650302 -076.10890927 8
112  43.11640188 -076.10885495  43.11632111 -076.10883199 8
115  43.11626821 -076.10887434
120 Linear Feature 2
111  43.11089486 -076.11481895 20
112  43.11085045 -076.11500070  43.11083408 -076.11510086 20
111  43.11083332 -076.11519789 20
111  43.11081997 -076.11543408 20
115  43.11052217 -076.12093290
120 Linear Feature 1
111  43.11095087 -076.11485893 20
112  43.11092144 -076.11498524  43.11089987 -076.11511092 20
111  43.11089725 -076.11517657 20
111  43.11087939 -076.11544992 20
115  43.11058441 -076.12093614
120 Linear Feature 10
111  43.11413923 -076.10434867 1 101
112  43.11434647 -076.10368635  43.11457400 -076.10352285 1 101
111  43.11475467 -076.10367295 1 101
115  43.11488864 -076.10382291
120 Linear Feature 40
111  43.10918553 -076.09677303 51 101
111  43.10915445 -076.09757419 51 101
112  43.10917123 -076.09798342  43.10920467 -076.09814666 51 101
111  43.10926137 -076.09822568 51 101
115  43.10930077 -076.09829767
120 B26
111  43.11467331 -076.10963606 51
115  43.11429596 -076.10960724
120 B25
111  43.11481441 -076.10940767 51
115  43.11453532 -076.10907107
120 B27
111  43.11466463 -076.11018067 51
115  43.11427595 -076.11014604
120 A-11
111  43.11327330 -076.10949446 51
115  43.11366640 -076.10936931
120 A-14
111  43.11325851 -076.11034010 51
115  43.11364377 -076.11036964
120 A-12
111  43.11373079 -076.10990551 51
115  43.11328973 -076.10987310
120 G Star
111  43.10778769 -076.11807613 8 103
111  43.10743547 -076.11805947 1
112  43.10730782 -076.11815579  43.10724263 -076.11823697 1
111  43.10722387 -076.11837229 1
112  43.10715018 -076.11814843  43.10708873 -076.11805525 1
111  43.10699143 -076.11803352 1
112  43.10715153 -076.11792964  43.10720947 -076.11785029 1
111  43.10724528 -076.11771034 1
112  43.10732744 -076.11794984  43.10737923 -076.11802318 1
115  43.10743547 -076.11805947
120 Linear Feature 2
111  43.10718467 -076.11642544 3 102
111  43.10714362 -076.11770873 3 102
112  43.10706649 -076.11782222  43.10702128 -076.11785632 3 102
111  43.10698851 -076.11784475 3 106
115  43.10703243 -076.11636213
120 Linear Feature 24
111  43.11123618 -076.12425884 1
115  43.11082809 -076.12424907
120 Linear Feature 9
111  43.11516657 -076.10500125 51 101
112  43.11528181 -076.10462325  43.11528562 -076.10437836 51 101
111  43.11520460 -076.10429578 51 101
115  43.11514260 -076.10420876
120 Linear Feature 8
111  43.11138444 -076.12288315 22
115  43.11086617 -076.12285068
120 Linear Feature 7
111  43.11081077 -076.12466405 22
111  43.11132500 -076.12468881 22
111  43.11138444 -076.12288315 22
111  43.11139171 -076.12266128 22
111  43.11087393 -076.12262916 22
113  43.11086617 -076.12285068 22
120 Linear Feature 5
111  43.11107546 -076.12393474 22
111  43.11115120 -076.12378550 22
111  43.11125062 -076.12378568 22
111  43.11125397 -076.12365306 22
111  43.11135671 -076.12365767 22
111  43.11135763 -076.12354294 22
111  43.11125858 -076.12354135 22
111  43.11126088 -076.12339904 22
111  43.11115978 -076.12339411 22
111  43.11106801 -076.12315524 22
115  43.11094485 -076.12315082
120 Linear Feature 2
111  43.11088985 -076.12459140 22
111  43.11103555 -076.12459961 22
111  43.11113119 -076.12444372 22
111  43.11123362 -076.12444657 22
111  43.11123738 -076.12431136 22
111  43.11133801 -076.12431672 22
111  43.11134066 -076.12420904 22
111  43.11123945 -076.12420486 22
111  43.11124345 -076.12406635 22
111  43.11114731 -076.12406400 22
111  43.11107546 -076.12393474 22
115  43.11091705 -076.12392747
21  43.10871542 -076.12249350 1 87.0000 3.00 10  VASI
21  43.11967240 -076.10983993 1 134.0000 3.00 15  VASI
21  43.10966607 -076.09763195 3 268.6900 3.00 28 PAPI
21  43.10849299 -076.09564611 2 314.0000 3.00 33  PAPI-4L
20  43.10731349 -076.11977983 82.6500 0 3 {@L}H{@@}{@L}H
20  43.10663540 -076.09668079 263.6600 0 3 {@L}Y{@@}{@L}Y
20  43.10681223 -076.10252620 87.8800 0 3 {@L}Y{@Y}P{^r}{@@}{@Y}{^l}P{@L}Y
20  43.10580626 -076.10510263 180.0000 0 3 {@L}J{@@}{@L}J
20  43.10675106 -076.09363482 36.3600 0 3 {@R}15-33
20  43.10680052 -076.10604694 85.6000 0 3 {@L}Y{@Y}{^l}J{^r}{@@}{@L}Y
20  43.10607603 -076.11225320 93.2600 0 3 {@L}Y{@@}{@L}Y
20  43.10702049 -076.11838991 1.2100 0 3 {@Y,^l}H{^r,@L}G
20  43.10640469 -076.12479291 -2.1000 0 3 {@R}ILC_CATII{@Y}RWY10{^u}
20  43.10691736 -076.12464785 90.0000 0 3 {@L}H{@@}H{@R}10{^r}
20  43.10641227 -076.12418420 -2.1000 0 3 {@Y,^l}H{^r}
20  43.10644564 -076.12325140 -2.1000 0 3 {@Y,^l}H{^r}
20  43.10646536 -076.12257621 -2.1000 0 3 {@Y,^l}H{^r}
20  43.10648853 -076.12203952 -2.1000 0 3 {@Y,^l}H{^r}
20  43.10695497 -076.11566754 -2.1000 0 3 {@Y,^l}H{^r}
20  43.10751335 -076.11552987 88.0000 0 3 {@L}H{@@}H
20  43.10693610 -076.12627675 321.8200 0 3 {@R}10-28CATI{@L}H
20  43.10674018 -076.12059825 236.9400 0 3 {@L}H{@@}{@L}H
20  43.10690170 -076.12218036 268.0300 0 3 {@R}10-28CATII{@L}H
20  43.10904184 -076.12591667 176.6900 0 3 {@R}10-28{@L}A
20  43.10755133 -076.12579321 345.4600 0 3 {@R}10-28{@L}H
20  43.10927133 -076.11858206 178.9800 0 3 {@R}10-28{@L}G
20  43.10917400 -076.11779257 178.9800 0 3 {@R}10-28{@L}G
20  43.10776086 -076.11778388 358.0000 0 3 {@R}10-28{@L}G
20  43.10776013 -076.11836499 358.0000 0 3 {@R}10-28{@L}G
20  43.10625749 -076.11336189 34.0000 0 3 {@Y,^lu}N
20  43.10670448 -076.11251275 170.0000 0 3 {@L}N{@Y,^l}Y
20  43.10740978 -076.11267688 90.0000 0 3 {@Y,^l}N{^r}
20  43.10771841 -076.11346894 87.1000 0 3 {@Y,^l}10-28{^l}N{^r}Y{^ru}
20  43.10700455 -076.11330493 -1.0900 0 3 {@Y,^l}H{@L}N{@Y}N{^u,@@,@L}N
20  43.10782458 -076.11264410 -1.0900 0 3 {@R}10-28{@L}N
20  43.10789884 -076.11337705 -1.0900 0 3 {@R}10-28{@L}N
20  43.10815738 -076.10592588 358.0000 0 3 {@R}10-28{@L}J
20  43.10842424 -076.09736623 306.1100 0 3 {@R}10-28{@L}W
20  43.10974542 -076.09835402 118.6800 0 3 {@R}10-28{@L}W
20  43.11059722 -076.09885064 90.0000 0 3 {@R}15-33{@L}A
20  43.11027180 -076.09632381 268.7300 0 3 {@R}15-33{@L}A
20  43.11006257 -076.09203400 135.3600 0 3 {@R}15-33
20  43.11450984 -076.10407556 33.0700 0 3 {@R}15-33
20  43.11517822 -076.10560079 52.0000 0 3 {@R}15-33
20  43.11640004 -076.10785832 1.2600 0 3 {@R}15-33
20  43.12048878 -076.11315198 40.0000 0 3 {@R}15-33
20  43.11028507 -076.09447385 263.2900 0 3 {@L}A{@@}{@L}A
20  43.11057055 -076.10144038 87.7900 0 3 {@R}ILS
20  43.11060066 -076.10124392 83.0800 0 3 {@Y}{^l}W{^ru}{@L}A{@@}{@L}A
20  43.10714403 -076.09613886 75.9000 0 3 {@Y,^l}W{^r,@L}Y{@Y}33{^ru}
20  43.10752626 -076.09529223 316.9800 0 3 {@L}W{@@}{@L}W{@Y}Y{^r}
20  43.11142500 -076.10174299 317.1200 0 3 {@L}W{@@}{@L}W
20  43.11350497 -076.10490249 137.1300 0 3 {@L}W{@@}W{@Y,^lu}S
20  43.11838868 -076.11155342 312.8800 0 3 {@L}W{@@}{@L}W
20  43.11591340 -076.10822490 316.0100 0 3 {@L}W{@@}{@L}W
20  43.11484093 -076.10682130 314.9100 0 3 {@Y}{^ld}B{@L}W{@@}{@L}W
20  43.11525066 -076.10783823 180.0000 0 3 {@L}B{@@}{@L}B
20  43.11568672 -076.10829758 356.9900 0 3 {@L}D{@@}D
20  43.11439122 -076.10667902 267.8900 0 3 {@L}S{@@}{@L}S
20  43.11435645 -076.10790482 180.0000 0 3 {@Y}{^l}S{^r}__{@Y}TERMINAL{^r}{^r}
20  43.11380618 -076.10785350 357.9600 0 3 {@Y}{^l}{^l}TERMINAL__{@Y}{^l}S{^r}
20  43.11147543 -076.10851496 356.4200 0 3 {@Y}{^l}F{@L}E{@Y}{^u}D{@@}{@L}E
20  43.11309382 -076.10802636 178.0000 0 3 {@L}D{@@}{@L}D
20  43.11241032 -076.10694385 180.0000 0 3 {@Y}{^l}T{@L}B
20  43.11235691 -076.10790765 86.8200 0 3 {@Y}{^l}D{@L}F{@Y}{^u}T{@Y}{^r}E
20  43.10982242 -076.10657095 267.9100 0 3 {@Y}{^l}E{@L}A{@Y}{^r}B__{^ru}E
20  43.11026534 -076.10878602 86.8200 0 3 {@Y}{^l}E_{@Y}{^lu}B
20  43.10987463 -076.10950020 265.2400 0 3 {@L}A{@@}{@L}A
20  43.10965623 -076.10647432 127.8400 0 3 {@R}10-28{@L}E{@@}{@L}E
20  43.10928092 -076.11169438 222.0000 0 3 {@R}10-28{@L}C{@@}{@L}C
20  43.10965796 -076.11229081 86.1900 0 3 {@Y}{^l}F__{^r}C
20  43.10934515 -076.12481711 266.2500 0 3 {@L}A{@Y}Q{^r}{@@}{@Y}{^l}Q{@L}A
20  43.10943166 -076.12167602 266.9900 0 3 {@L}A{@Y}R{^r}{@@}{@Y}{^l}R{@L}A
20  43.10992572 -076.11824175 87.2600 0 3 {@L}A{@Y}G{^r,@@,^l}G{@L}A
20  43.10970607 -076.11491377 266.6700 0 3 {@L}A{@@}{@L}A
14  43.11420276 -076.11728445 242.78 0 ATC Tower
1300  43.11223471 -076.11141541  40.00 gate jets Gate 1 South A
1301 C airline 
1300  43.11261219 -076.11044442  40.00 gate jets Gate 3 South A
1301 C airline 
1300  43.11252939 -076.10978505  46.00 gate jets Gate 4 South A
1301 C airline 
1300  43.11268861 -076.10932236  -1.77 gate jets Gate 6 South A
1301 C airline 
1300  43.11282437 -076.10898301 268.00 gate jets Gate 8 South A
1301 C airline 
1300  43.11309049 -076.10900388 268.00 gate jets Gate 9 South A
1301 C airline 
1300  43.11331495 -076.10948106 200.00 gate jets Gate 11 South A
1301 C airline 
1300  43.11334454 -076.10987568 180.00 gate jets Gate 12 South A
1301 C airline 
1300  43.11328046 -076.11034179 180.00 gate jets Gate 14 South A
1301 C airline 
1300  43.11330146 -076.10919885 230.00 gate jets Gate 10 South A
1301 C airline 
1300  43.11527184 -076.11108144 180.00 gate jets|turboprops B20
1301 C airline ual dal
1300  43.11516870 -076.11073473 190.00 gate jets|turboprops B21
1301 C airline ual dal
1300  43.11517223 -076.10996245 190.75 gate jets|turboprops B22
1301 C airline ual dal
1300  43.11524663 -076.10967021 220.00 gate jets|turboprops B23
1301 C airline ual dal
1300  43.11500655 -076.10941522 268.00 gate jets|turboprops B24
1301 C airline ual dal
1300  43.11478108 -076.10936690 325.00 gate jets|turboprops B25
1301 C airline ual dal
1300  43.11465513 -076.10963439 360.00 gate jets|turboprops B26
1301 C airline ual dal
1300  43.11463335 -076.11017826  -4.57 gate jets|turboprops B27
1301 C airline ual dal
1300  43.11124992 -076.12425467  -2.60 gate jets|turboprops|props FEDEX_Rmp_Stt
1301 C cargo 
1300  43.10334336 -076.10224630   0.00 tie_down jets|turboprops ANG_Stt
1301 B military 
1300  43.10374481 -076.10676006  -2.75 tie_down heavy|jets Mil_D_1
1301 D military 
1300  43.10369931 -076.10755200  -2.75 tie_down heavy Mil_D_2
1301 D military 
1300  43.10623434 -076.11747476 121.62 tie_down jets|turboprops|props GA_Prop_Stt
1301 B general_aviation 
18  43.11405690 -076.12531401 1 BCN
19  43.10743778 -076.12625700 1 WS
19  43.10892891 -076.09336026 1 WS
19  43.11984687 -076.10949097 1 WS
19  43.10668038 -076.09399285 1 WS
50 13205 ATIS
51 12295 UNICOM
52 12505 CLNC DEL
53 12170 GND
54 12030 TWR
55 12612 APP/DEP
55 13427 APP/DEP
1000 E_Calm_ATC_Flow
1001 KSYR 000 359 4
1002 KSYR 2000
1003 KSYR 3.0
1101 10 left
1100 10  13300 arrivals|departures heavy|jets|turboprops|props|helos 000000 000000 CALM_RW_10_Use
1000 NW_GA_Flow
1001 KSYR 305 035 50
1002 KSYR 2000
1003 KSYR 3.0
1004 1100 2100
1101 33 right
1100 33  13300 arrivals|departures heavy|jets|turboprops|props 000000 000000 Arr,Dep Rwy 33
1000 SE_GA_Flow
1001 KSYR 125 215 50
1002 KSYR 2000
1003 KSYR 3.0
1004 1100 2100
1101 15 left
1100 15  13300 arrivals|departures heavy|jets|turboprops|props 000000 000000 Arr,Dep Rwy 15
1000 E10_IVFR_Flow_day
1001 KSYR 010 170 50
1002 KSYR 0
1003 KSYR 0.0
1004 1100 2100
1101 10 left
1100 10  13300 arrivals|departures heavy|jets|turboprops|props|helos 000000 000000 E10_USE
1000 W28_IVFR_Flow-day
1001 KSYR 195 355 100
1002 KSYR 0
1003 KSYR 0.0
1004 1100 2100
1101 28 left
1100 28  13300 arrivals|departures heavy|jets|turboprops|props|helos 000000 000000 W28_use
1000 E10_Flow_nite
1001 KSYR 010 170 100
1002 KSYR 0
1003 KSYR 0.0
1004 2100 1100
1101 10 left
1100 10  13300 arrivals|departures heavy|jets|turboprops|props|helos 000000 000000 RW10_use
1000 W28_Flow_nite
1001 KSYR 190 360 100
1002 KSYR 0
1003 KSYR 0.0
1004 2100 1100
1101 28 left
1100 28  13300 arrivals|departures jets|turboprops|props|helos 000000 000000 Arr,Dep Rwy 28
1200 
1201  43.10801690 -076.12546505 both 0 A_stop
1201  43.10747130 -076.12553503 both 1 A_stop
1201  43.10840993 -076.12571946 both 2 A_stop
1201  43.10885659 -076.12627648 both 3 A_stop
1201  43.10936510 -076.09255748 both 4 A_stop
1201  43.10968396 -076.09271140 both 5 A_stop
1201  43.11001279 -076.09267121 both 6 A_stop
1201  43.11043518 -076.09281428 both 7 A_stop
1201  43.11049753 -076.09340127 both 8 A_stop
1201  43.11043325 -076.09595591 both 9 A_start
1201  43.11033498 -076.09872390 both 10 A_stop
1201  43.11025731 -076.10141676 both 11 A_stop
1201  43.11030493 -076.09973996 both 12 A_stop(split)
1201  43.11063411 -076.10719656 both 13 A1_start
1201  43.11007568 -076.10668910 both 14 A_stop
1201  43.11004845 -076.10767258 both 15 A_stop
1201  43.11001943 -076.10848701 both 16 A_stop
1201  43.10992287 -076.11125906 both 17 A_stop
1201  43.10990562 -076.11156173 both 18 A_stop
1201  43.10968976 -076.11818328 both 19 A_stop
1201  43.10958779 -076.12175758 both 20 A_stop
1201  43.10945475 -076.12485666 both 21 A_stop
1201  43.10945316 -076.12552240 both 22 A_stop
1201  43.10940520 -076.12603031 both 23 A_stop
1201  43.10925251 -076.12628949 both 24 A_stop
1201  43.10905742 -076.12633690 both 25 A_start
1201  43.11731291 -076.10759277 both 26 B_stop
1201  43.10891060 -076.10912643 both 27 B_stop
1201  43.10910761 -076.10878463 both 28 B_stop
1201  43.11662895 -076.10757838 both 29 B_stop
1201  43.11214646 -076.10729376 both 30 B_stop
1201  43.10961514 -076.10824684 both 31 B_start
1201  43.10913671 -076.11231454 both 32 C_stop
1201  43.10946709 -076.11198192 both 33 C_start
1201  43.11621453 -076.10840419 both 34 D1_stop
1201  43.11619288 -076.10857595 both 35 D1_stop
1201  43.11600771 -076.10887105 both 36 D1_stop
1201  43.11583461 -076.10912412 both 37 D1_stop
1201  43.11578834 -076.11112391 both 38 D1_start
1201  43.11637312 -076.10861548 both 39 D2_stop
1201  43.11626950 -076.10864628 both 40 D2_stop
1201  43.11560261 -076.10846540 both 41 D2_stop
1201  43.10915832 -076.10631731 both 42 E_stop
1201  43.11057814 -076.10816436 both 43 E_stop
1201  43.10971629 -076.10695173 both 44 E_start
1201  43.10892727 -076.11004082 both 45 F_stop
1201  43.10918325 -076.11031707 both 46 F_stop
1201  43.11213989 -076.10826921 both 47 F_stop
1201  43.11196207 -076.11039324 both 48 F_stop
1201  43.11144022 -076.11142683 both 49 F_stop
1201  43.11029860 -076.11141943 both 50 F_stop
1201  43.10950866 -076.11075432 both 51 F_start
1201  43.10927898 -076.11817735 both 52 G_start
1201  43.10779032 -076.11807773 both 53 G_stop
1201  43.10679089 -076.11801934 both 54 G_stop
1201  43.10674789 -076.11962378 both 55 G_start
1201  43.10739343 -076.12546688 both 56 H_stop
1201  43.10690116 -076.12540758 both 57 H_stop
1201  43.10677536 -076.12529338 both 58 H_stop
1201  43.10664649 -076.12493525 both 59 H_stop
1201  43.10671953 -076.12253161 both 60 H_stop
1201  43.10674831 -076.12180788 both 61 H_stop
1201  43.10678887 -076.12092208 both 62 H_stop
1201  43.10697504 -076.12053572 both 63 H_stop
1201  43.10714686 -076.12011847 both 64 H_stop
1201  43.10721451 -076.11804944 both 65 H_stop
1201  43.10732660 -076.11549378 both 66 H_stop
1201  43.10743512 -076.11293049 both 67 H_start
1201  43.10421781 -076.10765005 both 68 J_stop
1201  43.10427265 -076.10606881 both 69 J_stop
1201  43.10450013 -076.10555664 both 70 J_stop
1201  43.10480841 -076.10534414 both 71 J_stop
1201  43.10554274 -076.10534414 both 72 J_stop
1201  43.10723508 -076.10543954 both 73 J_stop
1201  43.10872318 -076.10569820 both 74 J_stop
1201  43.10819599 -076.10557837 both 75 J_start
1201  43.10849579 -076.11305154 both 76 N_stop
1201  43.10674497 -076.11547737 both 77 N_stop
1201  43.10587663 -076.11337766 both 78 N_stop
1201  43.10669844 -076.11669400 both 79 unnamed entity(split)
1201  43.10630534 -076.11305961 both 80 N_stop
1201  43.10667079 -076.11289855 both 81 N_stop
1201  43.10636301 -076.11285436 both 82 N_stop(split)
1201  43.10866088 -076.11289712 both 83 N_stop
1201  43.10795123 -076.11298445 both 84 N_start
1201  43.11501532 -076.10533511 both 85 K_stop
1201  43.10309100 -076.10150095 both 86 P_stop
1201  43.10322520 -076.10202902 both 87 P_stop
1201  43.10323839 -076.10150832 both 88 unnamed entity(split)
1201  43.10332296 -076.10220906 both 89 P_stop
1201  43.10491523 -076.10247730 both 90 P_stop
1201  43.11050282 -076.12485142 both 91 Q_stop
1201  43.11050983 -076.12424141 both 92 unnamed entity(split)
1201  43.11124017 -076.12425494 both 93 unnamed entity(split)
1201  43.11051845 -076.12413343 both 94 unnamed entity(split)
1201  43.10985161 -076.12483536 both 95 Q_stop
1201  43.11053019 -076.12350755 both 96 R_stop
1201  43.11058637 -076.12176874 both 97 R_stop
1201  43.11013564 -076.12175900 both 98 R_stop
1201  43.11367781 -076.10210019 both 99 S_stop
1201  43.11400994 -076.10285727 both 100 S_stop
1201  43.11411072 -076.10337314 both 101 S_stop
1201  43.11415057 -076.10435868 both 102 S_stop
1201  43.11407654 -076.10647280 both 103 S_stop
1201  43.11404400 -076.10738365 both 104 S_stop
1201  43.11400735 -076.10841946 both 105 S_stop
1201  43.11392195 -076.11083307 both 106 S_start
1201  43.10888103 -076.09261914 both 107 W_stop
1201  43.10860023 -076.09261598 both 108 W_stop
1201  43.10812250 -076.09260805 both 109 W_stop
1201  43.12096200 -076.11286280 both 110 W_stop
1201  43.12067076 -076.11339122 both 111 W_stop
1201  43.12054125 -076.11356483 both 112 W_stop
1201  43.12038094 -076.11369206 both 113 W_stop
1201  43.12014845 -076.11366182 both 114 W_stop
1201  43.11989935 -076.11335765 both 115 W_stop
1201  43.11640414 -076.10839696 both 116 W_stop
1201  43.11665335 -076.10876412 both 117 W_stop(split)
1201  43.11576372 -076.10749797 both 118 W_stop
1201  43.11614854 -076.10803182 both 119 W_stop(split)
1201  43.11462237 -076.10579773 both 120 W_stop
1201  43.11412116 -076.10514630 both 121 W_stop
1201  43.11120387 -076.10100584 both 122 W_stop
1201  43.10986346 -076.09910452 both 123 W_start
1201  43.10852487 -076.09704221 both 124 W_stop
1201  43.10709525 -076.09519112 both 125 W_stop
1201  43.10687374 -076.09485114 both 126 W_stop
1201  43.10654538 -076.09337456 both 127 W_start
1201  43.10635918 -076.09404490 both 128 unnamed entity(split)
1201  43.10685777 -076.09531124 both 129 Y_stop
1201  43.10660886 -076.10261438 both 130 Y_stop
1201  43.10653732 -076.10541430 both 131 Y_stop
1201  43.10645482 -076.10695815 both 132 Y_stop
1201  43.12089930 -076.11236920 both 133 15/33_stop
1201  43.10714779 -076.09281282 both 134 15/33_start
1201  43.10837892 -076.09460489 both 135 unnamed entity(split)
1201  43.10929023 -076.09294939 both 136 10/28_stop
1201  43.10822803 -076.12516038 both 137 10/28_start
1201  43.10846153 -076.11813585 both 138 10/28_start(split)(split)
1201  43.10874998 -076.10942916 both 139 10/28_start(split)(split)(split)(split)
1201  43.10886316 -076.10589522 both 140 10/28_start(split)(split)(split)
1201  43.10912934 -076.09788069 both 141 10/28_start(split)(split)(split)
1201  43.10919888 -076.09576828 both 142 10/28_start(split)
1201  43.10924455 -076.09435884 both 143 unnamed entity(split)
1201  43.11037121 -076.09734723 both 144 10/28_start(split)(split)
1201  43.11546548 -076.10466278 both 145 10/28_start(split)(split)
1201  43.11771177 -076.10782613 both 146 10/28_start(split)(split)(split)
1202 43 16 twoway taxiway_E A2
1202 2 137 twoway taxiway_E A
1204 departure 10,28
1204 arrival 10,28
1202 0 137 twoway taxiway_E A
1204 departure 10,28
1204 arrival 10,28
1202 1 0 twoway taxiway_E A
1204 departure 10,28
1204 arrival 10,28
1202 56 1 twoway taxiway_E A
1204 departure 10,28
1204 arrival 10,28
1202 144 9 twoway taxiway_E A
1204 departure 15,33
1204 arrival 15,33
1202 10 144 twoway taxiway_E A
1204 departure 15,33
1204 arrival 15,33
1202 3 2 twoway taxiway_E A
1204 departure 10,28
1204 arrival 10,28
1202 25 3 twoway taxiway_E A
1204 departure 10,28
1204 arrival 15,33
1202 4 136 twoway taxiway_E A
1204 departure 10,28
1204 arrival 10,28
1202 5 4 twoway taxiway_E A
1204 departure 10,28
1204 arrival 10,28
1202 6 5 twoway taxiway_E A
1204 departure 10,28
1204 arrival 10,28
1202 8 7 twoway taxiway_E A
1202 9 8 twoway taxiway_E A
1202 7 6 twoway taxiway_E A
1202 11 12 twoway taxiway_E A
1202 12 10 twoway taxiway_E A
1202 14 11 twoway taxiway_E A
1202 15 14 twoway taxiway_E A
1202 13 14 twoway taxiway_E A1
1202 16 15 twoway taxiway_E A
1202 17 16 twoway taxiway_E A
1202 18 17 twoway taxiway_E A
1202 19 18 twoway taxiway_E A
1202 20 19 twoway taxiway_E A
1202 21 20 twoway taxiway_E A
1202 22 21 twoway taxiway_E A
1202 23 22 twoway taxiway_E A
1202 24 23 twoway taxiway_E A
1202 25 24 twoway taxiway_E A
1202 26 146 twoway taxiway_E B
1204 departure 15,33
1204 arrival 15,33
1202 29 26 twoway taxiway_E B
1204 departure 15,33
1204 arrival 15,33
1202 27 139 twoway taxiway_E B
1204 departure 10,28
1204 arrival 10,28
1202 28 27 twoway taxiway_E B
1204 departure 10,28
1204 arrival 10,28
1202 31 28 twoway taxiway_E B
1204 departure 10,28
1204 arrival 10,28
1202 118 29 twoway taxiway_E B
1202 104 118 twoway taxiway_E B
1202 30 104 twoway taxiway_E B
1202 13 30 twoway taxiway_E B
1202 15 13 twoway taxiway_E B
1202 31 15 twoway taxiway_E B
1202 32 83 twoway taxiway_E C
1204 departure 10,28
1204 arrival 10,28
1202 33 32 twoway taxiway_E C
1204 departure 10,28
1204 arrival 10,28
1202 18 50 twoway taxiway_E C
1202 33 18 twoway taxiway_E C
1202 34 119 twoway taxiway_D D1
1202 35 34 twoway taxiway_D D1
1202 36 35 twoway taxiway_D D1
1202 37 36 twoway taxiway_D D1
1202 38 37 twoway taxiway_D D1
1202 39 117 twoway taxiway_D D2
1202 40 39 twoway taxiway_D D2
1202 36 40 twoway taxiway_D D2
1202 41 36 twoway taxiway_D D2
1202 105 41 twoway taxiway_D D2
1202 42 140 twoway taxiway_E E
1204 departure 10,28
1204 arrival 10,28
1202 44 42 twoway taxiway_E E
1204 departure 10,28
1204 arrival 10,28
1202 47 105 twoway taxiway_D E
1202 43 47 twoway taxiway_D E
1202 15 43 twoway taxiway_E E
1202 44 15 twoway taxiway_E E
1202 45 139 twoway taxiway_E F
1204 departure 10,28
1204 arrival 10,28
1202 46 45 twoway taxiway_E F
1204 departure 10,28
1204 arrival 10,28
1202 51 46 twoway taxiway_E F
1204 departure 10,28
1204 arrival 10,28
1202 48 47 twoway taxiway_D F
1202 49 48 twoway taxiway_D F
1202 50 49 twoway taxiway_D F
1202 17 50 twoway taxiway_D F
1202 51 17 twoway taxiway_E F
1202 138 52 twoway taxiway_E G
1204 departure 10,28
1204 arrival 10,28
1202 53 138 twoway taxiway_C G
1204 departure 10,28
1204 arrival 10,28
1202 52 19 twoway taxiway_E G
1202 65 53 twoway taxiway_C G
1202 54 65 twoway taxiway_C G
1202 55 54 twoway taxiway_C G
1202 57 56 twoway taxiway_C H
1204 ils 10
1202 58 57 twoway taxiway_C H
1204 ils 10
1202 59 58 twoway taxiway_C H
1204 ils 10
1202 60 59 twoway taxiway_C H
1204 ils 10
1202 61 60 twoway taxiway_C H
1202 62 61 twoway taxiway_C H
1202 63 62 twoway taxiway_C H
1202 64 63 twoway taxiway_C H
1202 65 64 twoway taxiway_C H
1202 66 65 twoway taxiway_C H
1202 67 66 twoway taxiway_C H
1202 69 68 twoway taxiway_E J
1202 70 69 twoway taxiway_E J
1202 71 70 twoway taxiway_E J
1202 72 71 twoway taxiway_E J
1202 131 72 twoway taxiway_E J
1202 73 131 twoway taxiway_E J
1202 75 73 twoway taxiway_E J
1202 74 140 twoway taxiway_E J
1204 departure 10,28
1204 arrival 10,28
1202 75 74 twoway taxiway_E J
1204 departure 10,28
1204 arrival 10,28
1202 76 83 twoway taxiway_E N
1204 departure 10,28
1204 arrival 10,28
1202 84 76 twoway taxiway_E N
1204 departure 10,28
1204 arrival 10,28
1202 77 66 twoway taxiway_C N
1202 79 77 twoway taxiway_C N
1202 80 78 twoway taxiway_C N
1202 81 82 twoway taxiway_E N
1202 82 80 twoway taxiway_C N
1202 67 81 twoway taxiway_E N
1202 84 67 twoway taxiway_E N
1202 85 145 twoway taxiway_E K
1204 departure 15,33
1204 arrival 15,33
1202 120 85 twoway taxiway_E K
1202 103 120 twoway taxiway_E K
1202 87 88 twoway taxiway_C P
1202 88 86 twoway taxiway_C P
1202 89 87 twoway taxiway_D P
1202 90 89 twoway taxiway_D P
1202 130 90 twoway taxiway_D P
1202 91 92 twoway taxiway_C Q
1202 92 93 twoway taxiway_C Q
1202 93 94 twoway taxiway_C Q
1202 94 96 twoway taxiway_C Q
1202 95 91 twoway taxiway_C Q
1202 21 95 twoway taxiway_C Q
1202 97 96 twoway taxiway_C R
1202 98 97 twoway taxiway_C R
1202 20 98 twoway taxiway_C R
1202 100 99 twoway taxiway_E S
1204 departure 15,33
1204 arrival 15,33
1202 101 100 twoway taxiway_E S
1204 departure 15,33
1204 arrival 15,33
1202 102 101 twoway taxiway_E S
1204 departure 15,33
1204 arrival 15,33
1202 121 102 twoway taxiway_E S
1202 103 121 twoway taxiway_E S
1202 104 103 twoway taxiway_E S
1202 105 104 twoway taxiway_D S
1202 106 105 twoway taxiway_D S
1202 47 30 twoway taxiway_D T
1202 141 123 twoway taxiway_E W
1204 departure 10,28
1204 arrival 10,28
1202 124 141 twoway taxiway_E W
1204 departure 10,28
1204 arrival 10,28
1202 107 136 twoway taxiway_E W
1204 departure 10,28
1204 arrival 10,28
1202 108 107 twoway taxiway_E W
1204 departure 10,28
1204 arrival 10,28
1202 109 108 twoway taxiway_E W
1204 departure 10,15,28,33
1204 arrival 10,15,28,33
1202 127 134 twoway taxiway_E W
1204 departure 15,33
1204 arrival 15,33
1202 134 109 twoway taxiway_E W
1204 departure 15,33
1204 arrival 15,33
1202 110 133 twoway taxiway_E W
1204 departure 15,33
1204 arrival 15,33
1202 111 110 twoway taxiway_E W
1204 departure 15,33
1204 arrival 15,33
1202 112 111 twoway taxiway_E W
1202 113 112 twoway taxiway_E W
1202 114 113 twoway taxiway_E W
1202 115 114 twoway taxiway_E W
1202 116 117 twoway taxiway_E W
1202 117 115 twoway taxiway_E W
1202 118 119 twoway taxiway_E W
1202 119 116 twoway taxiway_E W
1202 120 118 twoway taxiway_E W
1202 121 120 twoway taxiway_E W
1202 122 121 twoway taxiway_E W
1202 12 122 twoway taxiway_E W
1202 123 12 twoway taxiway_E W
1202 125 124 twoway taxiway_E W
1202 126 125 twoway taxiway_E W
1202 127 128 twoway taxiway_E W
1202 128 126 twoway taxiway_E W
1202 129 126 twoway taxiway_E Y
1202 130 129 twoway taxiway_E Y
1202 131 130 twoway taxiway_E Y
1202 132 131 twoway taxiway_E Y
1202 82 132 twoway taxiway_E Y
1202 142 144 twoway runway 15/33
1204 departure 10,15,28,33
1204 arrival 10,15,28,33
1204 ils 15,33
1202 144 99 twoway runway 15/33
1204 departure 15,33
1204 arrival 15,33
1204 ils 15,33
1202 99 145 twoway runway 15/33
1204 departure 15,33
1204 arrival 15,33
1204 ils 15,33
1202 145 146 twoway runway 15/33
1204 departure 15,33
1204 arrival 15,33
1204 ils 15,33
1202 146 133 twoway runway 15/33
1204 departure 15,33
1204 arrival 15,33
1204 ils 15,33
1202 134 135 twoway runway 15/33
1204 departure 15,33
1204 arrival 15,33
1204 ils 15,33
1202 135 142 twoway runway 15/33
1204 departure 10,15,28,33
1204 arrival 10,15,28,33
1204 ils 15,33
1202 138 83 twoway runway 10/28
1204 departure 10,28
1204 arrival 10,28
1204 ils 10,28
1202 83 139 twoway runway 10/28
1204 departure 10,28
1204 arrival 10,28
1204 ils 10,28
1202 139 140 twoway runway 10/28
1204 departure 10,28
1204 arrival 10,28
1204 ils 10,28
1202 140 141 twoway runway 10/28
1204 departure 10,28
1204 arrival 10,28
1204 ils 10,28
1202 141 142 twoway runway 10/28
1204 departure 10,15,28,33
1204 arrival 10,15,28,33
1204 ils 10,28
1202 142 143 twoway runway 10/28
1204 departure 10,15,28,33
1204 arrival 10,15,28,33
1204 ils 10,28
1202 143 136 twoway runway 10/28
1204 departure 10,28
1204 arrival 10,28
1204 ils 10,28
1202 137 138 twoway runway 10/28
1204 departure 10,28
1204 arrival 10,28
1204 ils 10,28
99
